"date","winner","loser"
"2007.12.29","조대현","노준환"
"2007.12.28","배준희","김수장"
"2007.12.28","김대용","장수영"
"2007.12.28","이용수","김은선"
"2007.12.28","진동규","박정상"
"2007.12.28","최기훈","이성재"
"2007.12.28","박정환","박소현"
"2007.12.28","이현호","김형우"
"2007.12.28","김진우","윤지희"
"2007.12.28","온소진","윤찬희"
"2007.12.28","한상훈","홍민표"
"2007.12.28","송태곤","윤현석"
"2007.12.28","이재웅","김수진"
"2007.12.28","강동윤","김강근"
"2007.12.28","한종진","김수용"
"2007.12.28","김지석","박지훈(大)"
"2007.12.28","김승준","박지연"
"2007.12.28","허영호","권오민"
"2007.12.28","윤성현","김형환"
"2007.12.28","윤준상","이영구"
"2007.12.28","백홍석","안조영"
"2007.12.28","유재성","현미진"
"2007.12.28","윤찬희","최명훈"
"2007.12.28","박정환","김동면"
"2007.12.28","박정상","이상훈(小)"
"2007.12.28","배준희","루이나이웨이(국내)"
"2007.12.28","김대용","김효정"
"2007.12.28","김진우","김효곤"
"2007.12.28","최철한","양 건"
"2007.12.28","김수장","이다혜"
"2007.12.28","최기훈","조경호"
"2007.12.28","이용수","웨량"
"2007.12.28","이성재","이정원"
"2007.12.28","김은선","서중휘"
"2007.12.28","진동규","고근태"
"2007.12.28","박소현","이정우"
"2007.12.28","김형우","양재호"
"2007.12.28","장수영","조혜연"
"2007.12.28","이현호","주형욱"
"2007.12.28","윤지희","김찬우"
"2007.12.28","온소진","권형진"
"2007.12.28","한상훈","강유택"
"2007.12.28","홍민표","이태현"
"2007.12.28","송태곤","김종수"
"2007.12.28","윤현석","정수현"
"2007.12.28","김수진","김광식"
"2007.12.28","이재웅","이하진"
"2007.12.28","강동윤","김대희"
"2007.12.28","김강근","이용찬"
"2007.12.28","한종진","김기용"
"2007.12.28","김수용","이현욱"
"2007.12.28","김지석","한철균"
"2007.12.28","박지훈(大)","공병주"
"2007.12.28","김승준","윤기현"
"2007.12.28","박지연","이민진"
"2007.12.28","권오민","이지현(여)"
"2007.12.28","허영호","김성룡"
"2007.12.28","윤성현","김혜민"
"2007.12.28","이영구","서능욱"
"2007.12.28","윤준상","백흥수"
"2007.12.28","유재성","이홍열"
"2007.12.28","현미진","옥득진"
"2007.12.28","안조영","박승철"
"2007.12.28","양 건","백지희"
"2007.12.28","최철한","박병규"
"2007.12.27","김수장","정동식"
"2007.12.27","이다혜","정대상"
"2007.12.27","루이나이웨이(국내)","양상국"
"2007.12.27","배준희","김 인"
"2007.12.27","김대용","이강욱"
"2007.12.27","김효정","김철중"
"2007.12.27","조혜연","장주주(국내)"
"2007.12.27","장수영","권효진(여)"
"2007.12.27","이용수","최규병"
"2007.12.27","웨량","한해원"
"2007.12.27","김은선","윤영민"
"2007.12.27","서중휘","심종식"
"2007.12.27","박정상","이원도"
"2007.12.27","이상훈(小)","김선미"
"2007.12.27","고근태","홍기표"
"2007.12.27","진동규","이희성"
"2007.12.27","이정원","박승문"
"2007.12.27","이성재","문명근"
"2007.12.27","조경호","이형로"
"2007.12.27","최기훈","박지훈(小)"
"2007.12.27","김동면","이관철"
"2007.12.27","박소현","천풍조"
"2007.12.27","이정우","박승화"
"2007.12.27","양재호","이봉근"
"2007.12.27","김형우","강 훈(大)"
"2007.12.27","주형욱","김태향"
"2007.12.27","김진우","이상훈(大)"
"2007.12.27","김효곤","김덕규"
"2007.12.27","윤지희","배윤진"
"2007.12.27","김찬우","김민희"
"2007.12.27","최명훈","최원용"
"2007.12.27","윤찬희","박영찬"
"2007.12.27","권형진","김진훈"
"2007.12.27","온소진","유재호"
"2007.12.27","한상훈","진시영"
"2007.12.27","강유택","차수권"
"2007.12.27","이태현","김세실"
"2007.12.27","홍민표","김선호"
"2007.12.27","김종수","전영규"
"2007.12.27","송태곤","윤종섭"
"2007.12.27","윤현석","김영삼"
"2007.12.27","정수현","윤재웅"
"2007.12.27","장수영","윤 혁"
"2007.12.27","진동규","김승재"
"2007.12.27","박승화","박지은"
"2007.12.27","김민희","김기헌"
"2007.12.27","홍민표","남치형"
"2007.12.27","백홍석","기권승"
"2007.12.27","현미진","하호정"
"2007.12.27","현미진","조영숙"
"2007.12.26","한철균","유건재"
"2007.12.26","박병규","고재희"
"2007.12.26","기권승","오규철"
"2007.12.26","기권승","노준환"
"2007.12.26","김형환","하찬석"
"2007.12.26","박정환","강만우"
"2007.12.26","이현호","김 원"
"2007.12.26","김수진","박상돈"
"2007.12.26","김광식","김주호"
"2007.12.26","이하진","황원준"
"2007.12.26","이재웅","백대현"
"2007.12.26","김대희","이영신"
"2007.12.26","강동윤","김성래"
"2007.12.26","이용찬","김명완"
"2007.12.26","김강근","김일환"
"2007.12.26","김기용","허장회"
"2007.12.26","한종진","서무상"
"2007.12.26","이현욱","박종열"
"2007.12.26","김수용","염정훈"
"2007.12.26","김지석","최창원"
"2007.12.26","박지훈(大)","나종훈"
"2007.12.26","공병주","권갑용"
"2007.12.26","김승준","조대현"
"2007.12.26","윤기현","김석흥"
"2007.12.26","박지연","류재형"
"2007.12.26","이민진","유병호"
"2007.12.26","이지현(여)","김만수"
"2007.12.26","권오민","홍성지"
"2007.12.26","허영호","이슬아"
"2007.12.26","김성룡","장두진"
"2007.12.26","하찬석","임순택"
"2007.12.26","김형환","박진열"
"2007.12.26","윤성현","안관욱"
"2007.12.26","김혜민","김동엽"
"2007.12.26","이영구","원성진"
"2007.12.26","이민진","유병호"
"2007.12.26","이지현(여)","김만수"
"2007.12.26","권오민","홍성지"
"2007.12.26","허영호","이슬아"
"2007.12.26","김성룡","장두진"
"2007.12.26","하찬석","임순택"
"2007.12.26","김형환","박진열"
"2007.12.26","윤성현","안관욱"
"2007.12.26","김혜민","김동엽"
"2007.12.26","이영구","원성진"
"2007.12.26","서능욱","김재구"
"2007.12.26","백흥수","김준영"
"2007.12.26","윤준상","서봉수"
"2007.12.26","이홍열","이기섭"
"2007.12.26","유재성","김종준"
"2007.12.26","옥득진","유창혁"
"2007.12.26","박승철","이상철"
"2007.12.26","안조영","최문용"
"2007.12.26","백홍석","손근기"
"2007.12.26","백지희","고수아"
"2007.12.26","양 건","김영환"
"2007.12.26","최철한","권경언"
"2007.12.26","이재웅","박성수"
"2007.12.26","김수용","조연우"
"2007.12.26","유병호","김학수(大)"
"2007.12.26","김혜민","홍장식"
"2007.12.26","고재희","장명한"
"2007.12.24","원성진","이현욱"
"2007.12.24","허영호","홍성지"
"2007.12.24","허영호","박정상"
"2007.12.23","홍민표","조한승"
"2007.12.22","이세돌","셰허"
"2007.12.22","김지석","홍성지"
"2007.12.22","허영호","목진석"
"2007.12.21","박정환","이용수"
"2007.12.21","원성진","전영규"
"2007.12.21","홍민표","윤찬희"
"2007.12.21","홍성지","김수용"
"2007.12.21","홍성지","김지석"
"2007.12.20","원성진","윤준상"
"2007.12.20","박정상","윤현석"
"2007.12.20","허영호","홍성지"
"2007.12.20","김지석","최원용"
"2007.12.19","조한승","이영구"
"2007.12.19","목진석","김형우"
"2007.12.18","김주호","김형환"
"2007.12.18","허영호","진시영"
"2007.12.18","허영호","목진석"
"2007.12.18","김승재","백홍석"
"2007.12.18","홍민표","김지석"
"2007.12.18","원성진","강동윤"
"2007.12.17","박영훈","이세돌"
"2007.12.17","루이나이웨이(국내)","김은선"
"2007.12.15","이세돌","류싱"
"2007.12.15","목진석","진동규"
"2007.12.14","홍성지","김주호"
"2007.12.14","조한승","조훈현"
"2007.12.14","박영훈","서봉수"
"2007.12.13","목진석","강동윤"
"2007.12.12","박소현","이민진"
"2007.12.12","박정상","김진우"
"2007.12.12","김수용","이영구"
"2007.12.12","박영훈","이세돌"
"2007.12.11","원성진","이현욱"
"2007.12.11","주형욱","윤준상"
"2007.12.11","강동윤","안조영"
"2007.12.11","이영구","이성재"
"2007.12.11","김수용","최기훈"
"2007.12.11","홍성지","조경호"
"2007.12.11","김지석","최원용"
"2007.12.11","이성재","이태현"
"2007.12.11","이영구","김대용"
"2007.12.11","최기훈","이원도"
"2007.12.11","김수용","윤성현"
"2007.12.11","조경호","윤현석"
"2007.12.11","홍성지","주형욱"
"2007.12.11","최원용","원성진"
"2007.12.11","진시영","강지성"
"2007.12.11","김진우","송태곤"
"2007.12.11","박정상","강유택"
"2007.12.11","허영호","김영삼"
"2007.12.11","강지성","류재형"
"2007.12.11","진시영","최명훈"
"2007.12.11","송태곤","김주호"
"2007.12.11","김진우","한종진"
"2007.12.11","박정상","온소진"
"2007.12.11","강유택","배준희"
"2007.12.11","김지석","이재웅"
"2007.12.11","이민진","윤지희"
"2007.12.11","박소현","이슬아"
"2007.12.11","이민진","배윤진"
"2007.12.11","윤지희","윤영민"
"2007.12.11","박소현","백지희"
"2007.12.11","이슬아","조혜연"
"2007.12.11","강동윤","원성진"
"2007.12.10","강동윤","박승철"
"2007.12.10","원성진","김승준"
"2007.12.10","이민진","이다혜"
"2007.12.10","배윤진","이영신"
"2007.12.10","윤영민","김은선"
"2007.12.10","윤지희","고수아"
"2007.12.10","박소현","이하진"
"2007.12.10","백지희","이지현(여)"
"2007.12.10","조혜연","현미진"
"2007.12.10","이슬아","조연우"
"2007.12.10","이다혜","박지연"
"2007.12.10","이민진","한해원"
"2007.12.10","배윤진","김수진"
"2007.12.10","이영신","김태향"
"2007.12.10","윤영민","김효정"
"2007.12.10","윤지희","김세실"
"2007.12.10","고수아","하호정"
"2007.12.10","이하진","이정원"
"2007.12.10","백지희","박지은"
"2007.12.10","이지현(여)","김선미"
"2007.12.10","조혜연","권효진(여)"
"2007.12.10","이슬아","김혜민"
"2007.12.10","조연우","김민희"
"2007.12.10","이성재","김형환"
"2007.12.10","이태현","박승화"
"2007.12.10","김대용","박영훈"
"2007.12.10","이영구","유재성"
"2007.12.10","최기훈","옥득진"
"2007.12.10","이원도","이상훈(小)"
"2007.12.10","김수용","이정우"
"2007.12.10","윤성현","공병주"
"2007.12.10","윤현석","백대현"
"2007.12.10","조경호","박지훈(小)"
"2007.12.10","홍성지","권형진"
"2007.12.10","최원용","최문용"
"2007.12.10","이재웅","조한승"
"2007.12.10","김지석","염정훈"
"2007.12.10","김영삼","안영길"
"2007.12.10","허영호","양 건"
"2007.12.10","목진석","전영규"
"2007.12.10","류재형","진동규"
"2007.12.10","강지성","홍민표"
"2007.12.10","진시영","이상훈(大)"
"2007.12.10","최명훈","서중휘"
"2007.12.10","김주호","이희성"
"2007.12.10","송태곤","백홍석"
"2007.12.10","한종진","김찬우"
"2007.12.10","김진우","김강근"
"2007.12.10","온소진","김기용"
"2007.12.10","박정상","김광식"
"2007.12.10","강유택","김성룡"
"2007.12.10","배준희","권오민"
"2007.12.10","이태현","홍장식"
"2007.12.10","김대용","김선호"
"2007.12.10","이영구","김만수"
"2007.12.10","이상훈(小)","박병규"
"2007.12.10","김수용","박정환"
"2007.12.10","윤성현","김형우"
"2007.12.10","윤현석","고근태"
"2007.12.10","조경호","노준환"
"2007.12.10","주형욱","김승재"
"2007.12.10","홍성지","윤재웅"
"2007.12.10","조한승","홍기표"
"2007.12.10","김지석","김환수"
"2007.12.10","김영삼","김대희"
"2007.12.10","허영호","이용수"
"2007.12.10","전영규","이강욱"
"2007.12.10","홍민표","이용찬"
"2007.12.10","진시영","윤찬희"
"2007.12.10","최명훈","유재호"
"2007.12.10","이희성","박지훈(大)"
"2007.12.10","송태곤","윤 혁"
"2007.12.10","한종진","손근기"
"2007.12.10","김진우","김명완"
"2007.12.10","박정상","한상훈"
"2007.12.10","강유택","최철한"
"2007.12.10","배준희","서무상"
"2007.12.10","이세돌","윤준상"
"2007.12.07","박승철","권형진"
"2007.12.07","김형환","박지연"
"2007.12.07","권효진(여)","윤지희"
"2007.12.07","조훈현","백홍석"
"2007.12.07","김주호","박승화"
"2007.12.07","배준희","윤현석"
"2007.12.07","강동윤","이세돌"
"2007.12.06","윤현석","박지은"
"2007.12.06","백홍석","원성진"
"2007.12.06","이창호","고근태"
"2007.12.06","목진석","이정우"
"2007.12.05","유창혁","배준희"
"2007.12.05","박영훈","이세돌"
"2007.12.05","홍성지","진동규"
"2007.12.05","박정환","강유택"
"2007.12.04","박지은","윤영민"
"2007.12.04","원성진","강동윤"
"2007.12.04","목진석","조대현"
"2007.12.03","한상훈","온소진"
"2007.12.03","이슬아","현미진"
"2007.12.03","김세실","이다혜"
"2007.12.03","박지은","고수아"
"2007.12.03","이하진","윤지희"
"2007.12.03","이창호","조한승"
"2007.12.03","이창호","조한승"
"2007.12.02","이세돌","윤준상"
"2007.12.01","창하오","목진석"
"2007.11.30","김기용","최기훈"
"2007.11.30","권형진","한상훈"
"2007.11.30","현미진","하호정"
"2007.11.30","이슬아","이영신"
"2007.11.30","김세실","한해원"
"2007.11.30","이다혜","김효정"
"2007.11.30","박지은","김혜민"
"2007.11.30","고수아","백지희"
"2007.11.30","윤지희","조연우"
"2007.11.30","이하진","남치형"
"2007.11.30","원성진","이태현"
"2007.11.30","유창혁","박승화"
"2007.11.30","목진석","요다 노리모토"
"2007.11.29","박지은","이성재"
"2007.11.29","박승화","이민진"
"2007.11.29","하호정","김민희"
"2007.11.29","현미진","이정원"
"2007.11.29","이슬아","이지현(여)"
"2007.11.29","김세실","박지연"
"2007.11.29","이다혜","윤영민"
"2007.11.29","김효정","김태향"
"2007.11.29","김혜민","김수진"
"2007.11.29","고수아","배윤진"
"2007.11.29","백지희","김은선"
"2007.11.29","윤지희","김선미"
"2007.11.29","남치형","박소현"
"2007.11.29","이하진","권효진(여)"
"2007.11.29","목진석","후야오위"
"2007.11.28","김혜민","박지연"
"2007.11.28","이하진","조연우"
"2007.11.28","권효진(여)","배윤진"
"2007.11.28","김혜민","김선미"
"2007.11.28","박지연","이슬아"
"2007.11.28","권효진(여)","이하진"
"2007.11.28","김기용","권형진"
"2007.11.28","김대희","진시영"
"2007.11.28","조경호","김승재"
"2007.11.28","이원도","전영규"
"2007.11.28","이태현","박승철"
"2007.11.28","박정환","홍성지"
"2007.11.28","김지석","김진우"
"2007.11.28","목진석","야마다 기미오"
"2007.11.27","이하진","백지희"
"2007.11.27","조연우","윤지희"
"2007.11.27","배윤진","한해원"
"2007.11.27","권효진(여)","이민진"
"2007.11.27","김혜민","박소현"
"2007.11.27","김선미","김은선"
"2007.11.27","박지연","이다혜"
"2007.11.27","이슬아","김수진"
"2007.11.27","김기용","홍기표"
"2007.11.27","권형진","옥득진"
"2007.11.27","온소진","주형욱"
"2007.11.27","한상훈","이재웅"
"2007.11.27","진시영","박지훈(小)"
"2007.11.27","김대희","김선호"
"2007.11.27","조경호","김형환"
"2007.11.27","김승재","손근기"
"2007.11.27","이원도","진동규"
"2007.11.27","박승철","서중휘"
"2007.11.27","이태현","김형우"
"2007.11.27","박정환","배준희"
"2007.11.27","홍성지","윤재웅"
"2007.11.27","김지석","최원용"
"2007.11.27","김진우","강유택"
"2007.11.27","권효진(여)","고수아"
"2007.11.27","김수진","김세실"
"2007.11.27","옥득진","이용수"
"2007.11.27","한상훈","이용찬"
"2007.11.27","김대희","김대용"
"2007.11.27","손근기","최기훈"
"2007.11.27","진동규","윤 혁"
"2007.11.27","이태현","웨량"
"2007.11.27","홍성지","이강욱"
"2007.11.27","김진우","유재호"
"2007.11.27","야마다 기미오","왕시"
"2007.11.27","이영신","조영숙"
"2007.11.27","이영구","안조영"
"2007.11.27","박지은","이홍열"
"2007.11.26","전영규","윤찬희"
"2007.11.26","김승재","윤성현"
"2007.11.26","박승화","루이나이웨이(국내)"
"2007.11.26","왕시","조한승"
"2007.11.26","김선미","박소현"
"2007.11.26","이민진","조연우"
"2007.11.26","이세돌","이상훈(大)"
"2007.11.23","박영훈","구리"
"2007.11.22","루이나이웨이(국내)","김혜민"
"2007.11.22","박영훈","구리"
"2007.11.22","이세돌","황이중"
"2007.11.26","김승재","윤성현"
"2007.11.26","박승화","루이나이웨이(국내)"
"2007.11.26","왕시","조한승"
"2007.11.26","김선미","박소현"
"2007.11.26","이민진","조연우"
"2007.11.26","이세돌","이상훈(大)"
"2007.11.23","박영훈","구리"
"2007.11.22","루이나이웨이(국내)","김혜민"
"2007.11.22","박영훈","구리"
"2007.11.22","이세돌","황이중"
"2007.11.21","김승재","고근태"
"2007.11.21","윤성현","윤 혁"
"2007.11.21","박정상","옥득진"
"2007.11.21","배준희","이원도"
"2007.11.21","이현욱","송태곤"
"2007.11.21","김혜민","조혜연"
"2007.11.21","루이나이웨이(국내)","박지은"
"2007.11.21","원성진","강동윤"
"2007.11.20","윤 혁","온소진"
"2007.11.20","조혜연","김세실"
"2007.11.20","박지은","박지연"
"2007.11.20","루이나이웨이(국내)","이지현(여)"
"2007.11.20","김혜민","고수아"
"2007.11.20","이현욱","박정환"
"2007.11.20","송태곤","유병호"
"2007.11.20","윤준상","이영구"
"2007.11.20","고근태","박병규"
"2007.11.20","김승재","홍기표"
"2007.11.20","윤성현","김진우"
"2007.11.20","이원도","김형우"
"2007.11.20","배준희","강 훈(大)"
"2007.11.20","유창혁","허영호"
"2007.11.20","박정상","백홍석"
"2007.11.20","옥득진","서무상"
"2007.11.20","윤현석","목진석"
"2007.11.20","이세돌","황이중"
"2007.11.20","구리","박영훈"
"2007.11.19","이현욱","김대용"
"2007.11.19","박정환","이용찬"
"2007.11.19","유병호","류재형"
"2007.11.19","송태곤","박승문"
"2007.11.19","이태현","양 건"
"2007.11.19","원성진","손근기"
"2007.11.19","이영구","김주호"
"2007.11.19","윤준상","조훈현"
"2007.11.19","박병규","김형환"
"2007.11.19","고근태","권효진(여)"
"2007.11.19","김승재","한상훈"
"2007.11.19","홍기표","이창호"
"2007.11.19","온소진","전영규"
"2007.11.19","윤 혁","김준영"
"2007.11.19","윤성현","강유택"
"2007.11.19","김진우","김영삼"
"2007.11.19","이원도","박정근"
"2007.11.19","김형우","이슬아"
"2007.11.19","배준희","이강욱"
"2007.11.19","강 훈(大)","정대상"
"2007.11.19","이민진","양상국"
"2007.11.19","유창혁","강동윤"
"2007.11.19","허영호","박지훈(大)"
"2007.11.19","박정상","주형욱"
"2007.11.19","백홍석","김만수"
"2007.11.19","옥득진","김동엽"
"2007.11.19","서무상","윤찬희"
"2007.11.19","목진석","백대현"
"2007.11.19","윤현석","김광식"
"2007.11.19","이성재","강지성"
"2007.11.18","목진석","진동규"
"2007.11.17","박영훈","안조영"
"2007.11.17","윤찬희","이세돌"
"2007.11.17","조훈현","김수장"
"2007.11.16","윤준상","이다혜"
"2007.11.16","김대용","한종진"
"2007.11.16","이현욱","이기섭"
"2007.11.16","이용찬","정수현"
"2007.11.16","박정환","안달훈"
"2007.11.16","유병호","김기용"
"2007.11.16","류재형","유재성"
"2007.11.16","송태곤","천풍조"
"2007.11.16","이태현","웨량"
"2007.11.16","양 건","장주주(국내)"
"2007.11.16","손근기","김 원"
"2007.11.16","김주호","남치형"
"2007.11.16","이영구","이상훈(大)"
"2007.11.16","조훈현","김수진"
"2007.11.16","김형환","김종수"
"2007.11.16","박병규","김지석"
"2007.11.16","권효진(여)","이관철"
"2007.11.16","고근태","장두진"
"2007.11.16","김승재","박승철"
"2007.11.16","한상훈","안조영"
"2007.11.16","홍기표","최규병"
"2007.11.16","이창호","김혜민"
"2007.11.16","온소진","안영길"
"2007.11.16","전영규","홍장식"
"2007.11.16","김준영","김석흥"
"2007.11.16","윤 혁","하찬석"
"2007.11.16","윤성현","김효곤"
"2007.11.16","강유택","공병주"
"2007.11.16","김진우","임순택"
"2007.11.16","김영삼","권오민"
"2007.11.16","박정근","홍종현"
"2007.11.16","이원도","최명훈"
"2007.11.16","김형우","조혜연"
"2007.11.16","이슬아","박성수"
"2007.11.16","배준희","김덕규"
"2007.11.16","이강욱","문명근"
"2007.11.16","강 훈(大)","백지희"
"2007.11.16","정대상","김기헌"
"2007.11.16","루이나이웨이(국내)","허장회"
"2007.11.16","박승화","안관욱"
"2007.11.16","이민진","조대현"
"2007.11.16","강동윤","박종열"
"2007.11.16","유창혁","조연우"
"2007.11.16","박지훈(大)","백흥수"
"2007.11.16","박정상","이희성"
"2007.11.16","주형욱","이지현(여)"
"2007.11.16","백홍석","강만우"
"2007.11.16","김만수","김찬우"
"2007.11.16","김동엽","박진열"
"2007.11.16","옥득진","이재웅"
"2007.11.16","서무상","김수용"
"2007.11.16","윤찬희","백성호"
"2007.11.16","백대현","박지연"
"2007.11.16","김광식","차수권"
"2007.11.16","윤현석","김명완"
"2007.11.16","이성재","유건재"
"2007.11.16","강지성","이정원"
"2007.11.16","박지은","이용수"
"2007.11.16","이홍열","김학수(大)"
"2007.11.16","조한승","김주호"
"2007.11.16","허영호","백홍석"
"2007.11.16","이정우","최철한"
"2007.11.16","원성진","이세돌"
"2007.11.16","윤준상","허영호"
"2007.11.15","양상국","최창원"
"2007.11.15","목진석","김재구"
"2007.11.15","김대용","박소현"
"2007.11.15","이기섭","권경언"
"2007.11.15","정수현","나종훈"
"2007.11.15","안달훈","김영환"
"2007.11.15","유병호","고수아"
"2007.11.15","유재성","최기훈"
"2007.11.15","천풍조","서능욱"
"2007.11.15","손근기","김은선"
"2007.11.15","김주호","이형로"
"2007.11.15","이영구","유재호"
"2007.11.15","이다혜","김철중"
"2007.11.15","김수진","조영숙"
"2007.11.15","김형환","김종준"
"2007.11.15","박병규","김태향"
"2007.11.15","권효진(여)","김선호"
"2007.11.15","고근태","한해원"
"2007.11.15","김승재","노영하"
"2007.11.15","안조영","윤지희"
"2007.11.15","최규병","박지훈(小)"
"2007.11.15","이창호","최원용"
"2007.11.15","안영길","홍민표"
"2007.11.15","홍장식","황원준"
"2007.11.15","김석흥","윤영민"
"2007.11.15","윤 혁","김선미"
"2007.11.15","윤성현","이하진"
"2007.11.15","강유택","배윤진"
"2007.11.15","김진우","김강근"
"2007.11.15","김영삼","김성룡"
"2007.11.15","박정근","김성래"
"2007.11.15","최명훈","서봉수"
"2007.11.15","조혜연","고재희"
"2007.11.15","박성수","이상철"
"2007.11.15","이강욱","한철균"
"2007.11.15","강 훈(大)","하호정"
"2007.11.15","정대상","김민희"
"2007.11.15","허장회","이봉근"
"2007.11.15","박승화","김대희"
"2007.11.15","이민진","노준환"
"2007.11.15","강동윤","진시영"
"2007.11.15","박지훈(大)","권갑용"
"2007.11.15","이희성","윤종섭"
"2007.11.15","주형욱","권형진"
"2007.11.15","백홍석","김세실"
"2007.11.15","김만수","박영찬"
"2007.11.15","박진열","오규철"
"2007.11.15","옥득진","현미진"
"2007.11.15","김수용","김동면"
"2007.11.15","윤찬희","장수영"
"2007.11.15","목진석","조경호"
"2007.11.15","박지연","김일환"
"2007.11.15","차수권","서중휘"
"2007.11.15","이성재","윤기현"
"2007.11.15","이정원","장명한"
"2007.11.15","박지은","염정훈"
"2007.11.15","김학수(大)","정동식"
"2007.11.15","박승문","이정우"
"2007.11.15","김지석","박정환"
"2007.11.15","박정환","김지석"
"2007.11.15","강동윤","홍민표"
"2007.11.15","김지석","나종훈"
"2007.11.15","박정환","김지석"
"2007.11.14","손근기","고근태"
"2007.11.14","박승화","김형우"
"2007.11.14","허영호","윤준상"
"2007.11.14","이세돌","후야오위"
"2007.11.14","한상훈","온소진"
"2007.11.14","원성진","김수장"
"2007.11.13","허영호","진동규"
"2007.11.13","김명완","김 인"
"2007.11.13","양상국","문용직"
"2007.11.13","배준희","김승준"
"2007.11.13","이정우","김효정"
"2007.11.13","웨량","이영신"
"2007.11.13","원성진","이상훈(小)"
"2007.11.13","김지석","김진우"
"2007.11.13","전영규","이태현"
"2007.11.12","김승재","서건우"
"2007.11.12","윤준상","허영호"
"2007.11.12","양 건","심종식"
"2007.11.12","유창혁","박상돈"
"2007.11.12","진동규","양재호"
"2007.11.12","김수진","이영신"
"2007.11.12","백홍석","송태곤"
"2007.11.12","고근태","이상훈(小)"
"2007.11.12","이영구","박정환"
"2007.11.12","조한승","이창호"
"2007.11.12","이창호","최철한"
"2007.11.12","온소진","고노린"
"2007.11.12","후야오위","박정상"
"2007.11.12","한상훈","류징"
"2007.11.12","이세돌","장쉬"
"2007.11.11","이세돌","왕야오"
"2007.11.11","이창호","박영훈"
"2007.11.10","이희성","루이나이웨이(국내)"
"2007.11.10","이성재","김기용"
"2007.11.10","김수용","박승화"
"2007.11.09","온소진","박정환"
"2007.11.09","박정상","한상훈"
"2007.11.09","김지석","강동윤"
"2007.11.09","강동윤","김지석"
"2007.11.09","김지석","강동윤"
"2007.11.08","조혜연","송태곤"
"2007.11.08","원성진","최철한"
"2007.11.08","고수아","백지희"
"2007.11.08","배준희","진동규"
"2007.11.08","이세돌","박영훈"
"2007.11.07","이정우","유창혁"
"2007.11.07","윤준상","안조영"
"2007.11.07","박정환","한종진"
"2007.11.07","박정환","한종진"
"2007.11.07","이재웅","온소진"
"2007.11.06","주형욱","윤 혁"
"2007.11.06","목진석","박정환"
"2007.11.05","목진석","유창혁"
"2007.11.05","서봉수","최철한"
"2007.11.03","이세돌","박영훈"
"2007.11.03","목진석","최철한"
"2007.11.03","조한승","유창혁"
"2007.11.02","조대현","최규병"
"2007.11.02","홍성지","이재웅"
"2007.11.01","김지석","진동규"
"2007.11.01","김지석","진동규"
"2007.11.01","윤현석","윤성현"
"2007.11.01","루이나이웨이(국내)","장쉬안"
"2007.11.01","홍성지","안조영"
"2007.11.01","박지은","야시로 구미코"
"2007.11.01","목진석","전영규"
"2007.11.01","이창호","송태곤"
"2007.11.01","이세돌","윤준상"
"2007.10.31","한종진","최명훈"
"2007.10.31","최명훈","한종진"
"2007.10.31","한종진","최명훈"
"2007.10.31","강동윤","이성재"
"2007.10.31","백홍석","박영훈"
"2007.10.31","박지은","김은선"
"2007.10.31","장쉬안","가토 게이코"
"2007.10.31","루이나이웨이(국내)","차오요우인"
"2007.10.31","야시로 구미코","셰이민"
"2007.10.31","홍성지","최원용"
"2007.10.31","최원용","김수용"
"2007.10.30","박정환","홍성지"
"2007.10.30","박정환","홍성지"
"2007.10.30","장쉬안","조혜연"
"2007.10.30","가토 게이코","아오키 기쿠요"
"2007.10.30","루이나이웨이(국내)","쉬잉"
"2007.10.30","차오요우인","리춘화"
"2007.10.30","박지은","예구이"
"2007.10.30","김은선","리허"
"2007.10.30","야시로 구미코","정옌"
"2007.10.30","셰이민","탕이"
"2007.10.30","허영호","박승화"
"2007.10.30","이세돌","조한승"
"2007.10.29","강동윤","허영호"
"2007.10.29","강동윤","허영호"
"2007.10.29","아오키 기쿠요","차오페이"
"2007.10.29","쉬잉","요시하라 유카리"
"2007.10.29","조혜연","왕샹윈"
"2007.10.29","리춘화","현미진"
"2007.10.29","예구이","만나미 가나"
"2007.10.29","김은선","펑윈(豊雲)"
"2007.10.29","정옌","박소현"
"2007.10.29","양쯔","셰이민"
"2007.10.28","안조영","박승철"
"2007.10.27","박영훈","이세돌"
"2007.10.27","박정상","송태곤"
"2007.10.27","원성진","김기용"
"2007.10.26","김주호","김수진"
"2007.10.26","최기훈","조경호"
"2007.10.26","서건우","옥득진"
"2007.10.26","김지석","온소진"
"2007.10.26","한상훈","이원도"
"2007.10.26","강유택","이영구"
"2007.10.26","김승재","박병규"
"2007.10.26","이용수","김형우"
"2007.10.26","권형진","백지희"
"2007.10.26","김기용","조연우"
"2007.10.26","박지연","김혜민"
"2007.10.26","홍민표","손근기"
"2007.10.26","김형환","윤찬희"
"2007.10.26","김진우","김세실"
"2007.10.26","전영규","서중휘"
"2007.10.26","박정환","이하진"
"2007.10.26","염정훈","진시영"
"2007.10.26","진동규","주형욱"
"2007.10.26","이태현","이다혜"
"2007.10.26","온소진","김승준"
"2007.10.26","김형우","진동규"
"2007.10.26","윤준상","김수용"
"2007.10.26","이세돌","박영훈"
"2007.10.26","이정우","장주주(국내)"
"2007.10.26","김수진","한해원"
"2007.10.26","최기훈","김대희"
"2007.10.26","서건우","유재호"
"2007.10.26","김지석","박소현"
"2007.10.26","이원도","김선미"
"2007.10.26","강유택","김은선"
"2007.10.26","이영구","이재웅"
"2007.10.26","박병규","배준희"
"2007.10.26","김형우","허영호"
"2007.10.26","백지희","윤 혁"
"2007.10.26","조연우","윤지희"
"2007.10.26","김기용","이강욱"
"2007.10.26","김혜민","김대용"
"2007.10.26","홍민표","홍장식"
"2007.10.26","윤찬희","조혜연"
"2007.10.26","김세실","이민진"
"2007.10.26","홍성지","박성수"
"2007.10.26","서중휘","이슬아"
"2007.10.26","이하진","김선호"
"2007.10.26","박정환","웨량"
"2007.10.26","염정훈","고수아"
"2007.10.26","주형욱","김찬우"
"2007.10.26","진동규","유재성"
"2007.10.26","이태현","홍기표"
"2007.10.26","손근기","최문용"
"2007.10.26","박승철","기권승"
"2007.10.26","이용수","윤재웅"
"2007.10.26","기권승","배윤진"
"2007.10.26","기권승","박지은"
"2007.10.26","박승철","김환수"
"2007.10.25","안조영","최철한"
"2007.10.25","조훈현","홍민표"
"2007.10.25","이영구","서건우"
"2007.10.24","박정환","백대현"
"2007.10.24","박정환","백대현"
"2007.10.24","이세돌","허영호"
"2007.10.24","김지석","김주호"
"2007.10.23","진동규","염정훈"
"2007.10.23","염정훈","진동규"
"2007.10.23","진동규","염정훈"
"2007.10.23","허영호","온소진"
"2007.10.22","한종진","홍민표"
"2007.10.22","한종진","홍민표"
"2007.10.24","박정환","백대현"
"2007.10.24","박정환","백대현"
"2007.10.24","이세돌","허영호"
"2007.10.24","김지석","김주호"
"2007.10.23","진동규","염정훈"
"2007.10.23","염정훈","진동규"
"2007.10.23","진동규","염정훈"
"2007.10.23","허영호","온소진"
"2007.10.22","한종진","홍민표"
"2007.10.22","한종진","홍민표"
"2007.10.22","최철한","이세돌"
"2007.10.22","조한승","이창호"
"2007.10.22","윤준상","배준희"
"2007.10.21","최원용","김승준"
"2007.10.21","김기용","윤찬희"
"2007.10.21","이창호","목진석"
"2007.10.21","조한승","이희성"
"2007.10.21","홍성지","박정상"
"2007.10.20","이세돌","쿵제"
"2007.10.19","강동윤","이희성"
"2007.10.19","강동윤","이희성"
"2007.10.19","이희성","강동윤"
"2007.10.19","고근태","조혜연"
"2007.10.19","최철한","윤성현"
"2007.10.19","왕시","고노린"
"2007.10.18","허영호","이영구"
"2007.10.18","허영호","이영구"
"2007.10.18","백홍석","최철한"
"2007.10.18","유창혁","나종훈"
"2007.10.18","왕시","홍민표"
"2007.10.18","최규병","강만우"
"2007.10.18","이세돌","최기훈"
"2007.10.18","조대현","서능욱"
"2007.10.17","홍성지","안조영"
"2007.10.17","안조영","홍성지"
"2007.10.17","홍성지","안조영"
"2007.10.17","강동윤","박정환"
"2007.10.17","윤준상","박승화"
"2007.10.17","송태곤","김영환"
"2007.10.17","홍민표","하네 나오키"
"2007.10.16","하네 나오키","펑취안"
"2007.10.16","최명훈","박정상"
"2007.10.16","최명훈","박정상"
"2007.10.16","이세돌","조한승"
"2007.10.15","김지석","백홍석"
"2007.10.15","백홍석","김지석"
"2007.10.15","김지석","백홍석"
"2007.10.15","김혜민","조혜연"
"2007.10.14","서건우","윤성현"
"2007.10.14","루이나이웨이(국내)","이세돌"
"2007.10.13","이세돌","구리"
"2007.10.13","김주호","박영훈"
"2007.10.13","한상훈","진동규"
"2007.10.12","조훈현","박지훈(大)"
"2007.10.12","유창혁","김동엽"
"2007.10.12","목진석","김성룡"
"2007.10.12","배준희","김수진"
"2007.10.11","허영호","김성룡"
"2007.10.11","홍민표","안조영"
"2007.10.11","원성진","이세돌"
"2007.10.11","박영훈","조한승"
"2007.10.10","온소진","김지석"
"2007.10.10","이영구","원성진"
"2007.10.10","조대현","황원준"
"2007.10.10","황이중","후야오위"
"2007.10.10","이세돌","창하오"
"2007.10.10","박승화","김혜민"
"2007.10.10","이창호","최철한"
"2007.10.09","한종진","온소진"
"2007.10.09","온소진","한종진"
"2007.10.09","한종진","온소진"
"2007.10.09","서봉수","양상국"
"2007.10.09","안조영","박정상"
"2007.10.09","목진석","원성진"
"2007.10.09","조혜연","이다혜"
"2007.10.09","구리","유창혁"
"2007.10.09","박영훈","한상훈"
"2007.10.08","박정상","박승화"
"2007.10.08","박정상","박승화"
"2007.10.08","이세돌","김성룡"
"2007.10.08","최철한","김지석"
"2007.10.08","조한승","최철한"
"2007.10.08","전영규","박병규"
"2007.10.08","이창호","이상훈(大)"
"2007.10.07","안조영","최원용"
"2007.10.07","원성진","홍성지"
"2007.10.07","목진석","송태곤"
"2007.10.07","온소진","조한승"
"2007.10.05","최철한","양재호"
"2007.10.05","양재호","정수현"
"2007.10.05","강만우","장수영"
"2007.10.05","허영호","김영삼"
"2007.10.05","허영호","김영삼"
"2007.10.05","홍성지","목진석"
"2007.10.05","조한승","이창호"
"2007.10.05","이세돌","최기훈"
"2007.10.04","목진석","최명훈"
"2007.10.04","고근태","배준희"
"2007.10.04","김주호","윤현석"
"2007.10.04","이희성","김대용"
"2007.10.04","이희성","김대용"
"2007.10.04","이세돌","이상훈(大)"
"2007.10.04","목진석","조한승"
"2007.10.03","강동윤","조훈현"
"2007.10.03","백홍석","이세돌"
"2007.10.02","김지석","강유택"
"2007.10.02","김지석","강유택"
"2007.10.02","강유택","김지석"
"2007.10.02","조혜연","박지은"
"2007.10.02","박영훈","윤현석"
"2007.10.02","박정상","정대상"
"2007.10.02","양상국","하찬석"
"2007.10.02","서봉수","김수장"
"2007.10.02","김동엽","백성호"
"2007.10.02","유창혁","노영하"
"2007.10.02","최규병","문명근"
"2007.10.02","이상훈(大)","오규철"
"2007.10.02","박영훈","이홍열"
"2007.10.02","김수장","유병호"
"2007.10.02","노영하","홍종현"
"2007.10.02","최규병","윤기현"
"2007.10.02","이세돌","조한승"
"2007.10.01","강동윤","배준희"
"2007.10.01","강동윤","배준희"
"2007.10.01","이세돌","박영훈"
"2007.10.01","박정환","조혜연"
"2007.10.01","고근태","허영호"
"2007.09.30","유창혁","김기용"
"2007.09.29","윤준상","박정상"
"2007.09.29","이창호","최철한"
"2007.09.28","조혜연","박승철"
"2007.09.28","허영호","이성재"
"2007.09.28","백홍석","조한승"
"2007.09.28","강동윤","안조영"
"2007.09.28","최기훈","이희성"
"2007.09.27","이세돌","후야오위"
"2007.09.27","홍민표","박지훈(大)"
"2007.09.27","한상훈","이영구"
"2007.09.26","김지석","윤성현"
"2007.09.26","박영훈","손근기"
"2007.09.23","고근태","김승준"
"2007.09.23","박정상","나종훈"
"2007.09.22","강동윤","이창호"
"2007.09.22","백홍석","이희성"
"2007.09.21","염정훈","박영훈"
"2007.09.21","염정훈","박영훈"
"2007.09.21","박영훈","염정훈"
"2007.09.21","김기용","박승화"
"2007.09.20","원성진","조훈현"
"2007.09.20","안조영","이세돌"
"2007.09.20","김수용","주형욱"
"2007.09.20","홍민표","유재호"
"2007.09.20","홍민표","유재호"
"2007.09.20","박정환","최병환"
"2007.09.20","이창호","강동윤"
"2007.09.19","박정환","목진석"
"2007.09.19","박정환","목진석"
"2007.09.19","온소진","서건우"
"2007.09.19","진동규","김성룡"
"2007.09.19","이다혜","조혜연"
"2007.09.19","안조영","루이나이웨이(국내)"
"2007.09.19","김성룡","장주주(국내)"
"2007.09.18","안조영","김강근"
"2007.09.18","김강근","안조영"
"2007.09.18","안조영","김강근"
"2007.09.18","최명훈","온소진"
"2007.09.18","허영호","윤 혁"
"2007.09.18","조한승","목진석"
"2007.09.17","홍성지","김만수"
"2007.09.17","김만수","홍성지"
"2007.09.17","홍성지","김만수"
"2007.09.17","허영호","한종진"
"2007.09.17","박병규","온소진"
"2007.09.17","김지석","원성진"
"2007.09.17","서능욱","허장회"
"2007.09.17","이세돌","목진석"
"2007.09.16","박정환","이성재"
"2007.09.16","유창혁","박영훈"
"2007.09.16","최철한","루이나이웨이(국내)"
"2007.09.14","최명훈","윤지희"
"2007.09.14","최명훈","윤지희"
"2007.09.14","조대현","강 훈(大)"
"2007.09.14","박정환","김승준"
"2007.09.14","이세돌","진동규"
"2007.09.14","이희성","김지석"
"2007.09.14","강동윤","백홍석"
"2007.09.13","백홍석","고수아"
"2007.09.13","백홍석","고수아"
"2007.09.13","윤찬희","허영호"
"2007.09.13","조한승","김지석"
"2007.09.13","루이나이웨이(국내)","김승준"
"2007.09.13","윤성현","김일환"
"2007.09.13","이재웅","김수진"
"2007.09.13","이영구","이세돌"
"2007.09.12","진동규","양 건"
"2007.09.12","양 건","진동규"
"2007.09.12","진동규","양 건"
"2007.09.12","홍성지","홍민표"
"2007.09.12","김형우","목진석"
"2007.09.12","홍성지","이창호"
"2007.09.12","조한승","배준희"
"2007.09.11","이영구","조혜연"
"2007.09.11","조혜연","이영구"
"2007.09.11","이영구","조혜연"
"2007.09.11","박지은","김혜민"
"2007.09.11","이세돌","김지석"
"2007.09.10","백대현","윤성현"
"2007.09.10","백대현","윤성현"
"2007.09.10","윤성현","백대현"
"2007.09.10","홍성지","김지석"
"2007.09.10","박영훈","서건우"
"2007.09.10","조한승","박정상"
"2007.09.10","이창호","이영구"
"2007.09.10","최병환","진동규"
"2007.09.10","강동윤","백홍석"
"2007.09.06","유창혁","허영호"
"2007.09.06","한상훈","이창호"
"2007.09.06","황이중","조훈현"
"2007.09.06","후야오위","홍성지"
"2007.09.06","이세돌","박정환"
"2007.09.06","박영훈","김기용"
"2007.09.06","구리","강동윤"
"2007.09.06","창하오","조한승"
"2007.09.06","이영구","김형우"
"2007.09.06","전영규","염정훈"
"2007.09.04","후야오위","목진석"
"2007.09.04","강동윤","서봉수"
"2007.09.04","한상훈","마샤오춘"
"2007.09.04","황이중","최철한"
"2007.09.04","김기용","조치훈"
"2007.09.04","이창호","황이주"
"2007.09.04","허영호","야마시타 게이고"
"2007.09.04","유창혁","쿵제"
"2007.09.04","조훈현","송태곤"
"2007.09.04","이세돌","장웨이"
"2007.09.04","구리","조혜연"
"2007.09.04","박영훈","리캉"
"2007.09.04","홍성지","백홍석"
"2007.09.04","박정환","고노린"
"2007.09.04","창하오","김혜민"
"2007.09.04","조한승","파오원야오"
"2007.09.03","이상훈(小)","박정상"
"2007.09.03","원성진","옥득진"
"2007.09.02","원성진","루이나이웨이(국내)"
"2007.09.01","안조영","한상훈"
"2007.09.01","김성룡","박지훈(大)"
"2007.08.31","박영훈","송태곤"
"2007.08.31","김기용","이영구"
"2007.08.30","서건우","윤준상"
"2007.08.30","김주호","박정환"
"2007.08.30","이창호","목진석"
"2007.08.29","구리","조한승"
"2007.08.29","이세돌","최철한"
"2007.08.29","유창혁","조훈현"
"2007.08.29","백홍석","최병환"
"2007.08.29","강동윤","진동규"
"2007.08.28","강동윤","박승철"
"2007.08.28","이창호","김지석"
"2007.08.28","온소진","김혜민"
"2007.08.27","구리","조한승"
"2007.08.27","목진석","김환수"
"2007.08.27","이세돌","진시영"
"2007.08.27","백홍석","김혜민"
"2007.08.26","김기용","홍민표"
"2007.08.26","김지석","박승철"
"2007.08.26","박정상","이영구"
"2007.08.26","이창호","허영호"
"2007.08.25","이세돌","저우루이양"
"2007.08.24","김혜민","권효진(여)"
"2007.08.24","박정환","서건우"
"2007.08.24","염정훈","이슬아"
"2007.08.24","백대현","박지연"
"2007.08.24","한종진","김형우"
"2007.08.24","김만수","최병환"
"2007.08.24","박영훈","원성진"
"2007.08.24","윤성현","박승철"
"2007.08.24","허영호","홍기표"
"2007.08.24","홍민표","김선호"
"2007.08.24","김지석","박지은"
"2007.08.24","조혜연","고근태"
"2007.08.24","김강근","백지희"
"2007.08.24","온소진","김기용"
"2007.08.24","유재호","이하진"
"2007.08.24","양 건","이다혜"
"2007.08.24","고수아","이영신"
"2007.08.24","배준희","김승준"
"2007.08.24","김대용","김혜민"
"2007.08.24","강동윤","최철한"
"2007.08.24","최명훈","이재웅"
"2007.08.24","강유택","조경호"
"2007.08.24","김영삼","김승재"
"2007.08.24","박정상","김대희"
"2007.08.24","윤지희","이정원"
"2007.08.24","이희성","김세실"
"2007.08.24","홍성지","서중휘"
"2007.08.24","안조영","주형욱"
"2007.08.24","백홍석","김광식"
"2007.08.24","진동규","최기훈"
"2007.08.24","박승화","윤현석"
"2007.08.24","서건우","이현욱"
"2007.08.24","염정훈","이지현(여)"
"2007.08.24","이슬아","서무상"
"2007.08.24","백대현","김찬우"
"2007.08.24","박지연","진시영"
"2007.08.24","김형우","이정우"
"2007.08.24","김만수","안영길"
"2007.08.24","최병환","박지훈(大)"
"2007.08.24","원성진","이성재"
"2007.08.24","박영훈","김민희"
"2007.08.24","박승철","전영규"
"2007.08.24","허영호","권오민"
"2007.08.24","홍기표","조연우"
"2007.08.24","홍민표","최원용"
"2007.08.24","박지은","박병규"
"2007.08.24","김지석","윤찬희"
"2007.08.24","김형환","권효진(여)"
"2007.08.24","조혜연","박소현"
"2007.08.24","백지희","한해원"
"2007.08.24","김강근","공병주"
"2007.08.24","김기용","유재성"
"2007.08.24","온소진","이상훈(小)"
"2007.08.24","이하진","윤 혁"
"2007.08.24","양 건","현미진"
"2007.08.24","이다혜","남치형"
"2007.08.24","김은선","이영신"
"2007.08.24","김승준","이상훈(大)"
"2007.08.24","배준희","배윤진"
"2007.08.24","최철한","이용수"
"2007.08.24","최명훈","김성룡"
"2007.08.24","이재웅","이민진"
"2007.08.24","강유택","김선미"
"2007.08.24","조경호","최문용"
"2007.08.24","김영삼","한상훈"
"2007.08.24","김대희","윤재웅"
"2007.08.24","윤지희","김태향"
"2007.08.24","이정원","김명완"
"2007.08.24","김세실","김효정"
"2007.08.24","이희성","노준환"
"2007.08.24","홍성지","김수용"
"2007.08.24","안조영","김수진"
"2007.08.24","주형욱","김진우"
"2007.08.24","백홍석","손근기"
"2007.08.24","김광식","권형진"
"2007.08.24","윤현석","강지성"
"2007.08.24","박승화","옥득진"
"2007.08.24","이영구","조대현"
"2007.08.24","목진석","최기훈"
"2007.08.23","목진석","김형환"
"2007.08.23","이영구","홍장식"
"2007.08.23","목진석","하호정"
"2007.08.23","김혜민","류재형"
"2007.08.23","홍장식","윤영민"
"2007.08.23","이영구","김주호"
"2007.08.23","백홍석","허영호"
"2007.08.23","백홍석","권형진"
"2007.08.23","윤준상","주형욱"
"2007.08.23","강동윤","조한승"
"2007.08.23","백홍석","최원용"
"2007.08.23","박정상","김기용"
"2007.08.23","이세돌","배준희"
"2007.08.23","이창호","김승준"
"2007.08.22","김대용","윤준상"
"2007.08.22","진동규","송태곤"
"2007.08.22","박승화","홍성지"
"2007.08.22","목진석","고근태"
"2007.08.22","이상훈(大)","김영환"
"2007.08.22","옥득진","박지훈(大)"
"2007.08.21","목진석","김기용"
"2007.08.21","조한승","김지석"
"2007.08.21","윤준상","이재웅"
"2007.08.21","최철한","최명훈"
"2007.08.21","온소진","이창호"
"2007.08.21","이세돌","이영구"
"2007.08.20","이정우","홍민표"
"2007.08.20","조혜연","김대희"
"2007.08.18","뤄시허","이세돌"
"2007.08.17","이창호","박정상"
"2007.08.16","이상훈(大)","백대현"
"2007.08.16","목진석","배준희"
"2007.08.15","박정상","박영훈"
"2007.08.15","이창호","조한승"
"2007.08.14","이영구","김승준"
"2007.08.13","박정상","린즈한"
"2007.08.13","조한승","야마시타 게이고"
"2007.08.13","김지석","홍기표"
"2007.08.13","목진석","이영구"
"2007.08.13","박영훈","고노린"
"2007.08.13","이창호","다카오 신지"
"2007.08.12","박정상","조치훈"
"2007.08.12","야마시타 게이고","천스위안(국내)"
"2007.08.12","다카오 신지","샤오정하오"
"2007.08.12","조한승","저우쥔쉰"
"2007.08.12","박영훈","왕리청"
"2007.08.12","린즈한","최철한"
"2007.08.12","이창호","장쉬"
"2007.08.12","고노린","이세돌"
"2007.08.12","백홍석","온소진"
"2007.08.12","박승화","원성진"
"2007.08.12","강동윤","이정우"
"2007.08.10","김환수","김만수"
"2007.08.10","김형우","강 훈(大)"
"2007.08.10","배준희","주형욱"
"2007.08.09","최원용","박영훈"
"2007.08.09","원성진","이희성"
"2007.08.09","최기훈","박정상"
"2007.08.09","박영훈","김승준"
"2007.08.09","이세돌","이영구"
"2007.08.08","조한승","윤성현"
"2007.08.08","홍성지","루이나이웨이(국내)"
"2007.08.08","고근태","류재형"
"2007.08.08","원성진","김강근"
"2007.08.08","박영훈","이영구"
"2007.08.08","목진석","이성재"
"2007.08.07","이세돌","목진석"
"2007.08.07","안조영","조한승"
"2007.08.07","김승준","박정상"
"2007.08.06","이성재","염정훈"
"2007.08.06","권형진","한상훈"
"2007.08.06","한상훈","박승화"
"2007.08.06","박영훈","홍성지"
"2007.08.06","이창호","이세돌"
"2007.08.05","허영호","윤준상"
"2007.08.04","이영구","최철한"
"2007.08.04","유창혁","김지석"
"2007.08.03","홍민표","박정환"
"2007.08.03","이영구","이세돌"
"2007.08.02","진동규","이창호"
"2007.08.02","조훈현","이희성"
"2007.08.02","박영훈","최철한"
"2007.08.02","홍성지","김만수"
"2007.08.02","황이중","왕위후이"
"2007.08.02","황이주","나카노 히로나리"
"2007.08.02","박정환","백대현"
"2007.08.02","쿵제","슈토 슌"
"2007.08.02","김혜민","이다혜"
"2007.08.02","송태곤","양이"
"2007.08.02","장웨이","쑤야오궈"
"2007.08.02","김기용","안조영"
"2007.08.02","조혜연","박지은"
"2007.08.02","허영호","김승준"
"2007.08.02","목진석","주형욱"
"2007.08.02","파오원야오","박지훈(大)"
"2007.08.02","한상훈","조경호"
"2007.08.02","리캉","펑취안"
"2007.08.02","강동윤","구링이"
"2007.08.01","박승철","김주호"
"2007.08.01","이세돌","박정상"
"2007.08.01","박지은","판웨이징"
"2007.08.01","조혜연","김은선"
"2007.08.01","김혜민","이슬아"
"2007.08.01","이다혜","윤영민"
"2007.08.01","양이","차오다위안"
"2007.08.01","황이중","이희성"
"2007.08.01","나카노 히로나리","모치즈키 겐이치"
"2007.08.01","한상훈","김대희"
"2007.08.01","파오원야오","리제"
"2007.08.01","강동윤","진동규"
"2007.08.01","안조영","딩웨이"
"2007.08.01","송태곤","류징"
"2007.08.01","슈토 슌","김형우"
"2007.08.01","쿵제","배준희"
"2007.08.01","조경호","김강근"
"2007.08.01","김만수","류싱"
"2007.08.01","홍성지","다마이 신"
"2007.08.01","김기용","저우루이양"
"2007.08.01","왕위후이","오바 준야"
"2007.08.01","장웨이","이강욱"
"2007.08.01","쑤야오궈","강창배(아마)"
"2007.08.01","펑취안","이야마 유타"
"2007.08.01","리캉","윤성현"
"2007.08.01","황이주","이용찬"
"2007.08.01","박정환","왕야오"
"2007.08.01","백대현","오야 고이치"
"2007.08.01","허영호","오규철"
"2007.08.01","김승준","린한제"
"2007.08.01","박지훈(大)","이관철"
"2007.08.01","구링이","김찬우"
"2007.08.01","주형욱","천야오예"
"2007.08.01","목진석","윤현석"
"2007.07.31","쿵제","박정상"
"2007.07.31","오바 준야","김수준"
"2007.07.31","이다혜","이영신"
"2007.07.31","양이","윤준상"
"2007.07.31","슈토 슌","이현욱"
"2007.07.31","김형우","안영길"
"2007.07.31","김대희","강유택"
"2007.07.31","류싱","하찬석"
"2007.07.31","다마이 신","김영삼"
"2007.07.31","이야마 유타","온소진"
"2007.07.31","황이주","김지석"
"2007.07.31","나카노 히로나리","야마다 신지"
"2007.07.31","박정환","최기훈"
"2007.07.31","백대현","장주주(국내)"
"2007.07.31","파오원야오","원성진"
"2007.07.31","리제","이상훈(大)"
"2007.07.31","홍성지","무라카와 다이스케"
"2007.07.31","김혜민","셰이민"
"2007.07.31","목진석","왕레이(雷)"
"2007.07.31","이강욱","아키야마 지로"
"2007.07.31","펑취안","쩌우쥔제"
"2007.07.31","이세돌","이창호"
"2007.07.31","박지은","리허"
"2007.07.31","안조영","사오웨이강"
"2007.07.31","판웨이징","이하진"
"2007.07.31","김은선","스즈키 아유미"
"2007.07.31","조혜연","다무라 치아키"
"2007.07.31","이슬아","쑹룽후이"
"2007.07.31","윤영민","정옌"
"2007.07.31","차오다위안","위정치"
"2007.07.31","송태곤","염정훈"
"2007.07.31","류징","장수영"
"2007.07.31","배준희","후지이 슈야"
"2007.07.31","조경호","노영하"
"2007.07.31","김강근","위빈"
"2007.07.31","한상훈","양재호"
"2007.07.31","딩웨이","황샹런"
"2007.07.31","김기용","윤 혁"
"2007.07.31","저우루이양","김영환"
"2007.07.31","이희성","권갑용"
"2007.07.31","황이중","린즈한"
"2007.07.31","왕위후이","이성재"
"2007.07.31","장웨이","김동면"
"2007.07.31","강창배(아마)","오주성"
"2007.07.31","쑤야오궈","장리요우"
"2007.07.31","리캉","강지성"
"2007.07.31","윤성현","김종수"
"2007.07.31","이용찬","윤종섭"
"2007.07.31","모치즈키 겐이치","강훈(아마)"
"2007.07.31","왕야오","최병환"
"2007.07.31","오야 고이치","뤄시허"
"2007.07.31","허영호","스즈키 케이지"
"2007.07.31","오규철","하타나카 호시노부"
"2007.07.31","린한제","세토 다이키"
"2007.07.31","김승준","백성호"
"2007.07.31","이관철","후지타 아키히코"
"2007.07.31","박지훈(大)","홍장식"
"2007.07.31","김찬우","린수양"
"2007.07.31","구링이","이재웅"
"2007.07.31","강동윤","진시영"
"2007.07.31","진동규","김진우"
"2007.07.31","주형욱","공병주"
"2007.07.31","천야오예","안관욱"
"2007.07.31","윤현석","유재성"
"2007.07.30","강유택","이상철"
"2007.07.30","김만수","이기섭"
"2007.07.30","판웨이징","박소현"
"2007.07.30","이하진","탕이"
"2007.07.30","리허","김현정"
"2007.07.30","박지은","야시로 구미코"
"2007.07.30","김은선","김세실"
"2007.07.30","스즈키 아유미","루이나이웨이(국내)"
"2007.07.30","다무라 치아키","조영숙"
"2007.07.30","이슬아","오쿠다 아야"
"2007.07.30","쑹룽후이","오사와 나루미"
"2007.07.30","김혜민","장카이신"
"2007.07.30","셰이민","윤지희"
"2007.07.30","정옌","권효진(여)"
"2007.07.30","위정치","장명한"
"2007.07.30","차오다위안","펑리야오"
"2007.07.30","양이","김종준"
"2007.07.30","송태곤","안자이 노부아키"
"2007.07.30","염정훈","천이다"
"2007.07.30","류징","최문용"
"2007.07.30","슈토 슌","김 인"
"2007.07.30","이현욱","류스전"
"2007.07.30","배준희","셰허"
"2007.07.30","후지이 슈야","천스위안(국내)"
"2007.07.30","쿵제","전영규"
"2007.07.30","위빈","뉴위톈"
"2007.07.30","하찬석","리이시우"
"2007.07.30","류싱","가나자와 히데오"
"2007.07.30","다마이 신","유병호"
"2007.07.30","무라카와 다이스케","미타니 데츠야"
"2007.07.30","황샹런","박영찬"
"2007.07.30","딩웨이","유경민"
"2007.07.30","안조영","우치다 슈헤이"
"2007.07.30","사오웨이강","최명훈"
"2007.07.30","김영환","호리모토 미츠나리"
"2007.07.30","저우루이양","김정환(아마)"
"2007.07.30","권갑용","야나기사와 사토시"
"2007.07.30","린즈한","시웅펑"
"2007.07.30","황이중","박종열"
"2007.07.30","오바 준야","김석흥"
"2007.07.30","김수준","최원용"
"2007.07.30","왕위후이","오하시 히로후미"
"2007.07.29","장주주(국내)","이영구"
"2007.07.29","파오원야오","나카무라 신야"
"2007.07.29","이다혜","현미진"
"2007.07.29","아키야마 지로","권경언"
"2007.07.29","장웨이","양 건"
"2007.07.29","장리요우","미쓰나가 준조"
"2007.07.29","쑤야오궈","홍기표"
"2007.07.29","온소진","다이자선"
"2007.07.29","이야마 유타","리저"
"2007.07.29","쩌우쥔제","문용직"
"2007.07.29","펑취안","왕레이"
"2007.07.29","리캉","박승철"
"2007.07.29","강지성","린리샹"
"2007.07.29","윤성현","다케이 다카시"
"2007.07.29","윤종섭","자오페이저"
"2007.07.29","황이주","김일환"
"2007.07.29","김지석","왕하오양"
"2007.07.29","모치즈키 겐이치","정수현"
"2007.07.29","야마다 신지","이봉근"
"2007.07.29","나카노 히로나리","웨량"
"2007.07.29","박정환","마쓰모토 다케히사"
"2007.07.29","왕야오","장저하오"
"2007.07.29","뤄시허","옥득진"
"2007.07.29","오야 고이치","장쉐빈"
"2007.07.29","스즈키 케이지","손 히데요"
"2007.07.29","하타나카 호시노부","안도 가즈시게"
"2007.07.29","린한제","랴오관훙"
"2007.07.29","세토 다이키","천풍조"
"2007.07.29","백성호","다카시마 다케시"
"2007.07.29","김승준","김동엽"
"2007.07.29","원성진","퉈자시"
"2007.07.29","리제","김대용"
"2007.07.29","이상훈(大)","양상국"
"2007.07.29","후지타 아키히코","한철균"
"2007.07.29","이관철","저우인난"
"2007.07.29","린수양","오사와 겐로"
"2007.07.29","김찬우","스웨"
"2007.07.29","구링이","최창원"
"2007.07.29","진시영","추쥔"
"2007.07.29","진동규","기와다 카즈오미"
"2007.07.29","김진우","김병준"
"2007.07.29","천야오예","세키 다쓰야"
"2007.07.29","왕레이(雷)","정동식"
"2007.07.29","목진석","오하시 나루야"
"2007.07.29","유재성","나카네 나오유키"
"2007.07.29","유창혁","허영호"
"2007.07.28","이기섭","조대현"
"2007.07.28","유경민","김학수(大)"
"2007.07.28","판웨이징","이지현(여)"
"2007.07.28","박소현","차오요우인"
"2007.07.28","탕이","김민희"
"2007.07.28","김현정","김선미"
"2007.07.28","김은선","무카이 치아키"
"2007.07.28","스즈키 아유미","김수진"
"2007.07.28","다무라 치아키","황 염"
"2007.07.28","쑹룽후이","조치엔"
"2007.07.28","장카이신","남치형"
"2007.07.28","정옌","박지연"
"2007.07.28","차오다위안","김기헌"
"2007.07.28","양이","이정우"
"2007.07.28","류징","이홍열"
"2007.07.28","류스전","가나자와 마코토"
"2007.07.28","뉴위톈","김승재"
"2007.07.28","류싱","샤오정하오"
"2007.07.28","사오웨이강","백흥수"
"2007.07.28","저우루이양","권오민"
"2007.07.28","박종열","저우허양"
"2007.07.28","오하시 히로후미","천궈싱"
"2007.07.28","장웨이","유재호"
"2007.07.28","쑤야오궈","왕시"
"2007.07.28","펑취안","이용수"
"2007.07.28","윤성현","조선진"
"2007.07.28","왕하오양","하영일"
"2007.07.28","나카노 히로나리","호시카와 코요"
"2007.07.28","장주주(국내)","판산치"
"2007.07.28","안도 가즈시게","박상돈"
"2007.07.28","김승준","쓰루야마 아쓰시"
"2007.07.28","이상훈(大)","다지리 유토"
"2007.07.28","구링이","김선호"
"2007.07.28","김지석","윤준상"
"2007.07.28","조혜연","손근기"
"2007.07.27","이영신","이정원"
"2007.07.27","안영길","서건우"
"2007.07.27","김형우","김덕규"
"2007.07.27","조혜연","김효정"
"2007.07.27","윤준상","박병규"
"2007.07.27","장수영","노준환"
"2007.07.27","김강근","황원준"
"2007.07.27","주형욱","김광식"
"2007.07.27","박정상","서중휘"
"2007.07.27","조경호","류재형"
"2007.07.27","홍성지","박승문"
"2007.07.27","김대희","김성룡"
"2007.07.27","한상훈","윤찬희"
"2007.07.27","양재호","김현찬(아마)"
"2007.07.27","김만수","김명완"
"2007.07.27","김기용","한종진"
"2007.07.27","강동윤","나종훈"
"2007.07.27","김동면","김준영"
"2007.07.27","윤 혁","김철중"
"2007.07.27","이희성","서무상"
"2007.07.27","이성재","심종식"
"2007.07.27","이강욱","윤재웅"
"2007.07.27","이용찬","이상훈(小)"
"2007.07.27","오주성","최규병"
"2007.07.27","김종수","서능욱"
"2007.07.27","강창배(아마)","고근태"
"2007.07.27","최기훈","박진열"
"2007.07.27","오규철","고재희"
"2007.07.27","최병환","박승화"
"2007.07.27","백대현","김형환"
"2007.07.27","이재웅","김환수"
"2007.07.27","허영호","강만우"
"2007.07.27","박지훈(大)","이형로"
"2007.07.27","홍장식","김수장"
"2007.07.27","공병주","장두진"
"2007.07.27","윤영민","한해원"
"2007.07.27","안관욱","문명근"
"2007.07.27","노영하","홍종현"
"2007.07.27","최철한","이영구"
"2007.07.27","김주호","고근태"
"2007.07.27","염정훈","김지석"
"2007.07.26","진동규","김혜민"
"2007.07.26","윤현석","허장회"
"2007.07.26","박지은","조연우"
"2007.07.26","조혜연","이민진"
"2007.07.26","이슬아","배윤진"
"2007.07.26","윤지희","하호정"
"2007.07.26","한해원","김태향"
"2007.07.26","현미진","백지희"
"2007.07.26","이정원","고수아"
"2007.07.26","서건우","김수용"
"2007.07.26","노영하","유건재"
"2007.07.26","강유택","홍민표"
"2007.07.26","김만수","김주호"
"2007.07.26","박승문","김재구"
"2007.07.26","서무상","손근기"
"2007.07.26","이강욱","권형진"
"2007.07.26","최병환","김성래"
"2007.07.26","김수장","차수권"
"2007.07.26","김진우","박성수"
"2007.07.26","안관욱","임순택"
"2007.07.26","박정상","김기용"
"2007.07.26","장주주(국내)","웨량"
"2007.07.26","강동윤","조훈현"
"2007.07.26","박승화","서건우"
"2007.07.25","배준희","나종훈"
"2007.07.25","이세돌","백홍석"
"2007.07.25","박승화","진동규"
"2007.07.25","진동규","김승재"
"2007.07.24","유재성","정대상"
"2007.07.24","박지은","김은선"
"2007.07.24","서건우","이창호"
"2007.07.24","조한승","목진석"
"2007.07.24","박정상","김강근"
"2007.07.24","이세돌","김기용"
"2007.07.23","이상훈(小)","루이나이웨이(국내)"
"2007.07.23","박영훈","윤현석"
"2007.07.22","윤찬희","박정상"
"2007.07.22","최원용","김승준"
"2007.07.21","이창호","조한승"
"2007.07.21","이희성","홍성지"
"2007.07.20","서중휘","강 훈(大)"
"2007.07.20","강훈(아마)","윤기현"
"2007.07.20","목진석","김기용"
"2007.07.20","이세돌","조훈현"
"2007.07.20","한상훈","이정우"
"2007.07.20","이영구","홍성지"
"2007.07.19","강동윤","고근태"
"2007.07.19","목진석","최철한"
"2007.07.19","송태곤","박지훈(大)"
"2007.07.19","루이나이웨이(국내)","김성룡"
"2007.07.19","김지석","원성진"
"2007.07.19","박지은","김혜민"
"2007.07.18","김영삼","김 원"
"2007.07.18","박영훈","원성진"
"2007.07.18","안조영","이성재"
"2007.07.18","조한승","김기용"
"2007.07.18","진동규","전영규"
"2007.07.18","진동규","온소진"
"2007.07.18","최기훈","조훈현"
"2007.07.18","이세돌","양재호"
"2007.07.18","박지은","김혜민"
"2007.07.18","이창호","윤준상"
"2007.07.16","강동윤","이창호"
"2007.07.16","원성진","박정상"
"2007.07.16","목진석","홍민표"
"2007.07.16","온소진","김지석"
"2007.07.16","김혜민","박지은"
"2007.07.16","박영훈","백홍석"
"2007.07.16","김지석","윤찬희"
"2007.07.15","이세돌","최철한"
"2007.07.15","조훈현","이재웅"
"2007.07.15","안달훈","유창혁"
"2007.07.15","박정환","김주호"
"2007.07.13","박승철","백홍석"
"2007.07.13","조한승","온소진"
"2007.07.13","원성진","이창호"
"2007.07.13","김지석","안영길"
"2007.07.13","김수용","배준희"
"2007.07.13","박영훈","염정훈"
"2007.07.13","윤찬희","김혜민"
"2007.07.13","김혜민","윤 혁"
"2007.07.13","목진석","김승재"
"2007.07.12","박승화","김승준"
"2007.07.12","박정상","윤현석"
"2007.07.12","윤준상","김수진"
"2007.07.12","홍성지","최철한"
"2007.07.12","조훈현","원성진"
"2007.07.11","김기용","고근태"
"2007.07.11","강동윤","이창호"
"2007.07.11","이영구","배준희"
"2007.07.11","김혜민","주형욱"
"2007.07.11","주형욱","박승철"
"2007.07.10","이희성","원성진"
"2007.07.10","진동규","윤 혁"
"2007.07.10","박정상","목진석"
"2007.07.09","요다 노리모토","장쉬"
"2007.07.09","홍민표","김주호"
"2007.07.09","조한승","홍기표"
"2007.07.09","박영훈","이창호"
"2007.07.08","김지석","이정우"
"2007.07.07","홍민표","원성진"
"2007.07.07","김성룡","이영구"
"2007.07.07","박영훈","요다 노리모토"
"2007.07.10","진동규","윤 혁"
"2007.07.10","박정상","목진석"
"2007.07.09","요다 노리모토","장쉬"
"2007.07.09","홍민표","김주호"
"2007.07.09","조한승","홍기표"
"2007.07.09","박영훈","이창호"
"2007.07.08","김지석","이정우"
"2007.07.07","홍민표","원성진"
"2007.07.07","김성룡","이영구"
"2007.07.07","박영훈","요다 노리모토"
"2007.07.07","이세돌","최원용"
"2007.07.07","이창호","장쉬"
"2007.07.06","홍민표","옥득진"
"2007.07.06","허영호","온소진"
"2007.07.06","홍성지","윤성현"
"2007.07.06","김주호","최철한"
"2007.07.06","조한승","백대현"
"2007.07.06","목진석","김동엽"
"2007.07.06","홍기표","김기용"
"2007.07.06","김승준","이정우"
"2007.07.07","이세돌","최원용"
"2007.07.07","이창호","장쉬"
"2007.07.06","홍민표","옥득진"
"2007.07.06","허영호","온소진"
"2007.07.06","홍성지","윤성현"
"2007.07.06","김주호","최철한"
"2007.07.06","조한승","백대현"
"2007.07.06","목진석","김동엽"
"2007.07.06","홍기표","김기용"
"2007.07.06","김승준","이정우"
"2007.07.06","이영구","강동윤"
"2007.07.05","이성재","김강근"
"2007.07.05","김동엽","조대현"
"2007.07.05","목진석","손근기"
"2007.07.05","목진석","박지훈(大)"
"2007.07.05","백대현","배준희"
"2007.07.05","조한승","안조영"
"2007.07.05","홍기표","김성룡"
"2007.07.05","김기용","조훈현"
"2007.07.05","이영구","박정환"
"2007.07.05","김승준","서중휘"
"2007.07.05","이정우","권형진"
"2007.07.05","최철한","김승재"
"2007.07.05","김주호","한상훈"
"2007.07.05","옥득진","고근태"
"2007.07.05","홍민표","윤찬희"
"2007.07.05","조한승","한상훈"
"2007.07.04","김동엽","윤현석"
"2007.07.04","조대현","박승철"
"2007.07.04","손근기","강동윤"
"2007.07.04","목진석","김일환"
"2007.07.04","김강근","안관욱"
"2007.07.04","염정훈","김영환"
"2007.07.04","백대현","안달훈"
"2007.07.04","배준희","고재희"
"2007.07.04","조한승","이세돌"
"2007.07.04","안조영","윤재웅"
"2007.07.04","김성룡","서무상"
"2007.07.04","홍기표","이희성"
"2007.07.04","김기용","김대용"
"2007.07.04","조훈현","최규병"
"2007.07.04","백홍석","홍성지"
"2007.07.04","박영훈","유창혁"
"2007.07.04","박정환","홍장식"
"2007.07.04","이영구","허영호"
"2007.07.04","서중휘","이상철"
"2007.07.04","김승준","송태곤"
"2007.07.04","이정우","황원준"
"2007.07.04","권형진","김 원"
"2007.07.04","최철한","김형우"
"2007.07.04","김승재","이용수"
"2007.07.04","한상훈","이현욱"
"2007.07.04","김주호","이지현(여)"
"2007.07.04","고근태","최병환"
"2007.07.04","옥득진","나종훈"
"2007.07.04","홍민표","김대희"
"2007.07.04","윤찬희","진시영"
"2007.07.04","박영훈","최원용"
"2007.07.04","이성재","김수장"
"2007.07.03","이창호","강동윤"
"2007.07.03","이성재","김명완"
"2007.07.03","윤현석","이용찬"
"2007.07.03","김동엽","윤종섭"
"2007.07.03","박승철","김석흥"
"2007.07.03","조대현","김종준"
"2007.07.03","손근기","장명한"
"2007.07.03","목진석","권경언"
"2007.07.03","김일환","서건우"
"2007.07.03","김강근","최명훈"
"2007.07.03","안관욱","김광식"
"2007.07.03","김명완","유건재"
"2007.07.03","이성재","김학수(大)"
"2007.07.03","김영환","백성호"
"2007.07.03","염정훈","한종진"
"2007.07.03","김지석","김진우"
"2007.07.03","안달훈","안영길"
"2007.07.03","백대현","강 훈(大)"
"2007.07.03","고재희","조영숙"
"2007.07.03","배준희","정수현"
"2007.07.03","윤재웅","박승문"
"2007.07.03","안조영","이영신"
"2007.07.03","김성룡","차수권"
"2007.07.03","서무상","박종열"
"2007.07.03","홍기표","김동면"
"2007.07.03","김대용","이다혜"
"2007.07.03","김기용","김 인"
"2007.07.03","조훈현","조혜연"
"2007.07.03","최규병","박지훈(大)"
"2007.07.03","이영구","조경호"
"2007.07.03","김승준","남치형"
"2007.07.03","이지현(여)","강만우"
"2007.07.03","이희성","최철한"
"2007.07.03","이세돌","조한승"
"2007.07.02","이다혜","조연우"
"2007.07.02","조한승","류재형"
"2007.07.02","이세돌","박성수"
"2007.07.02","이희성","오규철"
"2007.07.02","홍성지","김수진"
"2007.07.02","백홍석","온소진"
"2007.07.02","박영훈","윤기현"
"2007.07.02","유창혁","박병규"
"2007.07.02","박정환","권효진(여)"
"2007.07.02","홍장식","전영규"
"2007.07.02","허영호","박영찬"
"2007.07.02","이상철","문용직"
"2007.07.02","서중휘","한철균"
"2007.07.02","송태곤","김준영"
"2007.07.02","이정우","임순택"
"2007.07.02","황원준","장두진"
"2007.07.02","권형진","김선호"
"2007.07.02","김 원","고수아"
"2007.07.02","최철한","김만수"
"2007.07.02","김형우","현미진"
"2007.07.02","이용수","김성래"
"2007.07.02","김승재","서능욱"
"2007.07.02","한상훈","박지은"
"2007.07.02","이현욱","이민진"
"2007.07.02","김주호","유재호"
"2007.07.02","고근태","이관철"
"2007.07.02","최병환","주형욱"
"2007.07.02","옥득진","오주성"
"2007.07.02","나종훈","한해원"
"2007.07.02","김대희","윤지희"
"2007.07.02","홍민표","문명근"
"2007.07.02","윤찬희","양 건"
"2007.07.02","진시영","김찬우"
"2007.07.02","강동윤","이창호"
"2007.07.02","박승철","박지연"
"2007.07.02","박승철","김은선"
"2007.07.02","이영구","윤성현"
"2007.07.02","김지석","윤현석"
"2007.06.30","강동윤","양상국"
"2007.06.30","윤영민","배윤진"
"2007.06.30","김명완","양재호"
"2007.06.30","조한승","온소진"
"2007.06.30","목진석","안조영"
"2007.06.29","윤종섭","공병주"
"2007.06.29","박승철","김수용"
"2007.06.29","조대현","유병호"
"2007.06.29","손근기","노준환"
"2007.06.29","양상국","이기섭"
"2007.06.29","목진석","김수장"
"2007.06.29","서건우","윤성현"
"2007.06.29","최명훈","박승화"
"2007.06.29","김광식","이홍열"
"2007.06.29","이성재","김덕규"
"2007.06.29","백성호","윤 혁"
"2007.06.29","한종진","이강욱"
"2007.06.29","김진우","김세실"
"2007.06.29","안영길","서봉수"
"2007.06.29","강 훈(大)","박진열"
"2007.06.29","고재희","김선미"
"2007.06.29","정수현","천풍조"
"2007.06.29","류재형","김기헌"
"2007.06.29","이세돌","김혜민"
"2007.06.29","박승문","김민희"
"2007.06.29","안조영","이상훈(大)"
"2007.06.29","차수권","박소현"
"2007.06.29","서무상","김학수(小)"
"2007.06.29","오규철","홍종현"
"2007.06.29","홍기표","박상돈"
"2007.06.29","김기용","정대상"
"2007.06.29","최규병","윤영민"
"2007.06.29","강만우","하찬석"
"2007.06.29","홍성지","송태곤"
"2007.06.29","조훈현","이창호"
"2007.06.28","윤현석","박영훈"
"2007.06.28","이창호","장수영"
"2007.06.28","조훈현","권갑용"
"2007.06.28","백홍석","진동규"
"2007.06.28","김수진","김영삼"
"2007.06.28","박영훈","백흥수"
"2007.06.28","박병규","최기훈"
"2007.06.28","박정환","이봉근"
"2007.06.28","전영규","김종수"
"2007.06.28","조경호","최창원"
"2007.06.28","박영찬","김태향"
"2007.06.28","이상철","배윤진"
"2007.06.28","서중휘","권오민"
"2007.06.28","송태곤","김형환"
"2007.06.28","김승준","이상훈(小)"
"2007.06.28","이정우","김재구"
"2007.06.28","장두진","박지연"
"2007.06.28","권형진","심종식"
"2007.06.28","고수아","이하진"
"2007.06.28","최철한","최원용"
"2007.06.28","현미진","김은선"
"2007.06.28","김성래","김철중"
"2007.06.28","서능욱","유재성"
"2007.06.28","박지은","이형로"
"2007.06.28","이민진","이재웅"
"2007.06.28","김주호","하호정"
"2007.06.28","이관철","정동식"
"2007.06.28","최병환","윤준상"
"2007.06.28","옥득진","이정원"
"2007.06.28","나종훈","허장회"
"2007.06.28","윤지희","노영하"
"2007.06.28","홍민표","백지희"
"2007.06.28","윤찬희","김효정"
"2007.06.28","김찬우","김환수"
"2007.06.28","조혜연","김혜민"
"2007.06.27","고근태","루이나이웨이(국내)"
"2007.06.27","백홍석","한상훈"
"2007.06.27","온소진","최철한"
"2007.06.27","이세돌","송태곤"
"2007.06.27","이창호","윤준상"
"2007.06.26","원성진","쑤야오궈"
"2007.06.26","김승준","배준희"
"2007.06.26","목진석","이영구"
"2007.06.26","강동윤","백홍석"
"2007.06.26","진동규","허영호"
"2007.06.25","쑤야오궈","웨량"
"2007.06.25","김선미","현미진"
"2007.06.25","이창호","김일환"
"2007.06.25","박영훈","최명훈"
"2007.06.23","리저","이세돌"
"2007.06.23","이영구","배준희"
"2007.06.23","홍민표","김주호"
"2007.06.22","원성진","주쑹리"
"2007.06.22","조한승","쑤야오궈"
"2007.06.22","백지희","이하진"
"2007.06.22","조연우","남치형"
"2007.06.22","윤지희","김민희"
"2007.06.22","김혜민","김태향"
"2007.06.22","이민진","이다혜"
"2007.06.22","고수아","박지연"
"2007.06.22","박지은","김효정"
"2007.06.22","김은선","김세실"
"2007.06.22","권효진(여)","이지현(여)"
"2007.06.22","김지석","안달훈"
"2007.06.22","김승준","이재웅"
"2007.06.22","허영호","최철한"
"2007.06.22","강동윤","주형욱"
"2007.06.21","김수진","한해원"
"2007.06.21","윤지희","하호정"
"2007.06.21","현미진","이정원"
"2007.06.21","권효진(여)","조영숙"
"2007.06.21","백홍석","이영구"
"2007.06.21","이창호","박정환"
"2007.06.21","김기용","윤준상"
"2007.06.21","박영훈","목진석"
"2007.06.21","박지은","조훈현"
"2007.06.21","김은선","최병환"
"2007.06.20","유창혁","이희성"
"2007.06.20","최철한","박승철"
"2007.06.20","윤준상","이창호"
"2007.06.20","조훈현","김혜민"
"2007.06.20","최병환","김선미"
"2007.06.19","김일환","이현욱"
"2007.06.19","김기용","김지석"
"2007.06.19","박승화","온소진"
"2007.06.19","김강근","백홍석"
"2007.06.18","이창호","최철한"
"2007.06.18","김승준","목진석"
"2007.06.17","안달훈","루이나이웨이(국내)"
"2007.06.17","김주호","이성재"
"2007.06.17","이세돌","윤성현"
"2007.06.17","박영훈","서건우"
"2007.06.17","한상훈","조훈현"
"2007.06.15","양재호","유창혁"
"2007.06.15","김승재","김영삼"
"2007.06.15","배준희","이재웅"
"2007.06.15","조훈현","이영신"
"2007.06.14","이세돌","천야오예"
"2007.06.14","김만수","박지연"
"2007.06.14","허영호","윤찬희"
"2007.06.14","이영구","홍성지"
"2007.06.14","강동윤","김성룡"
"2007.06.14","이창호","윤준상"
"2007.06.13","조한승","김형우"
"2007.06.13","김만수","이정원"
"2007.06.13","김지석","목진석"
"2007.06.13","조훈현","온소진"
"2007.06.13","최병환","이용수"
"2007.06.13","천야오예","최철한"
"2007.06.13","옥득진","김수용"
"2007.06.13","최병환","박정환"
"2007.06.12","강동윤","온소진"
"2007.06.12","김만수","윤찬희"
"2007.06.12","원성진","김지석"
"2007.06.12","홍성지","최명훈"
"2007.06.12","이세돌","왕시"
"2007.06.12","목진석","조한승"
"2007.06.12","윤준상","김수용"
"2007.06.12","천야오예","조치훈"
"2007.06.11","박정환","홍성지"
"2007.06.11","홍성지","강동윤"
"2007.06.11","최철한","파오원야오"
"2007.06.11","백홍석","안조영"
"2007.06.11","윤성현","루이나이웨이(국내)"
"2007.06.11","조한승","이영구"
"2007.06.11","이세돌","유키 사토시"
"2007.06.11","조훈현","조혜연"
"2007.06.10","강동윤","이재웅"
"2007.06.09","백홍석","조혜연"
"2007.06.09","최철한","나종훈"
"2007.06.09","조훈현","윤영민"
"2007.06.08","강동윤","김형우"
"2007.06.08","강동윤","진시영"
"2007.06.08","김영삼","김은선"
"2007.06.08","고근태","윤준상"
"2007.06.08","이정우","김기용"
"2007.06.08","홍성지","온소진"
"2007.06.08","이세돌","양 건"
"2007.06.07","이창호","안조영"
"2007.06.07","온소진","이희성"
"2007.06.07","조훈현","이민진"
"2007.06.06","박정상","송태곤"
"2007.06.06","원성진","김승준"
"2007.06.06","박정상","셰허"
"2007.06.06","류징","조치훈"
"2007.06.06","후야오위","조훈현"
"2007.06.06","온소진","야마시타 게이고"
"2007.06.06","고노린","왕레이(雷)"
"2007.06.06","장쉬","목진석"
"2007.06.06","한상훈","구리"
"2007.06.06","이세돌","왕레이"
"2007.06.05","이다혜","김은선"
"2007.06.05","김지석","배준희"
"2007.06.05","조대현","김석흥"
"2007.06.04","후야오위","이창호"
"2007.06.04","온소진","딩웨이"
"2007.06.04","셰허","이희성"
"2007.06.04","조훈현","저우쥔쉰"
"2007.06.04","목진석","펑취안"
"2007.06.04","야마시타 게이고","안달훈"
"2007.06.04","박정상","쿵제"
"2007.06.04","한상훈","류시훈"
"2007.06.04","왕레이","최철한"
"2007.06.04","왕레이(雷)","조한승"
"2007.06.04","류징","저우커핑"
"2007.06.04","고노린","강동윤"
"2007.06.04","조치훈","박영훈"
"2007.06.04","구리","이영구"
"2007.06.04","장쉬","윤준상"
"2007.06.04","이세돌","창하오"
"2007.06.04","원성진","최원용"
"2007.06.04","홍성지","진동규"
"2007.06.03","안조영","서건우"
"2007.06.02","송태곤","조훈현"
"2007.06.02","원성진","안달훈"
"2007.06.02","이창호","후야오위"
"2007.06.02","장쉬","최철한"
"2007.06.02","박영훈","저우허양"
"2007.06.02","요다 노리모토","왕시"
"2007.06.01","홍성지","이재웅"
"2007.06.01","박승화","조연우"
"2007.06.01","강동윤","권오민"
"2007.06.01","유창혁","유재호"
"2007.06.01","염정훈","이영구"
"2007.06.01","목진석","진동규"
"2007.06.01","김지석","한상훈"
"2007.06.01","이세돌","온소진"
"2007.06.01","조한승","이용수"
"2007.05.31","박정상","박지훈(大)"
"2007.05.31","백홍석","김지석"
"2007.05.31","최병환","윤성현"
"2007.05.31","류재형","백대현"
"2007.05.31","이세돌","김혜민"
"2007.05.31","이영구","조한승"
"2007.05.31","김대희","김동엽"
"2007.05.31","윤현석","김선미"
"2007.05.31","온소진","배준희"
"2007.05.31","김기용","김동면"
"2007.05.31","목진석","오규철"
"2007.05.31","이상훈(小)","김 원"
"2007.05.31","김환수","배윤진"
"2007.05.31","진시영","이재웅"
"2007.05.31","박정환","이민진"
"2007.05.31","김형우","허장회"
"2007.05.31","박정상","유창혁"
"2007.05.31","한종진","서능욱"
"2007.05.31","이정우","권갑용"
"2007.05.31","박병규","박영찬"
"2007.05.31","전영규","홍장식"
"2007.05.31","염정훈","양 건"
"2007.05.31","박영훈","김주호"
"2007.05.31","장주주(국내)","장명한"
"2007.05.31","김강근","조훈현"
"2007.05.31","이상훈(大)","안관욱"
"2007.05.31","홍민표","서무상"
"2007.05.31","루이나이웨이(국내)","박승화"
"2007.05.31","고근태","김영삼"
"2007.05.31","강 훈(大)","유병호"
"2007.05.31","최기훈","이기섭"
"2007.05.31","조혜연","양재호"
"2007.05.31","웨량","권형진"
"2007.05.31","허영호","권경언"
"2007.05.31","박지훈(大)","현미진"
"2007.05.31","강동윤","유재성"
"2007.05.30","백홍석","최명훈"
"2007.05.30","김기용","한상훈"
"2007.05.30","이창호","루이나이웨이(국내)"
"2007.05.30","염정훈","백흥수"
"2007.05.30","류재형","김철중"
"2007.05.30","백대현","김학수(大)"
"2007.05.30","이세돌","양상국"
"2007.05.30","김혜민","윤지희"
"2007.05.30","조한승","한상훈"
"2007.05.30","이영구","하호정"
"2007.05.30","김동엽","천풍조"
"2007.05.30","김대희","김광식"
"2007.05.30","윤현석","윤재웅"
"2007.05.30","김선미","노영하"
"2007.05.30","박지연","권효진(여)"
"2007.05.30","배준희","김효정"
"2007.05.30","온소진","이지현(여)"
"2007.05.30","김동면","주형욱"
"2007.05.30","김기용","김 인"
"2007.05.30","목진석","김승재"
"2007.05.30","오규철","최규병"
"2007.05.30","김 원","김덕규"
"2007.05.30","배윤진","서중휘"
"2007.05.30","김환수","유건재"
"2007.05.30","윤성현","정수현"
"2007.05.30","이재웅","김대용"
"2007.05.30","진시영","김형환"
"2007.05.30","박정환","나종훈"
"2007.05.30","이민진","조연우"
"2007.05.30","김형우","장수영"
"2007.05.30","허장회","김종준"
"2007.05.30","유창혁","김명완"
"2007.05.30","박정상","정대상"
"2007.05.30","한종진","김성래"
"2007.05.30","서능욱","이용수"
"2007.05.30","권갑용","윤기현"
"2007.05.30","이정우","김수장"
"2007.05.30","박병규","이희성"
"2007.05.30","박영찬","박성수"
"2007.05.30","양 건","서건우"
"2007.05.30","김주호","유재성"
"2007.05.30","권오민","박승문"
"2007.05.30","김수용","윤준상"
"2007.05.30","장주주(국내)","이다혜"
"2007.05.30","김지석","문명근"
"2007.05.30","조훈현","진동규"
"2007.05.30","안관욱","박지은"
"2007.05.30","서무상","윤 혁"
"2007.05.30","루이나이웨이(국내)","조경호"
"2007.05.30","김영삼","한철균"
"2007.05.30","강 훈(大)","서봉수"
"2007.05.30","최기훈","홍종현"
"2007.05.30","웨량","차수권"
"2007.05.30","권경언","문용직"
"2007.05.30","박지훈(大)","황원준"
"2007.05.29","이상훈(小)","남치형"
"2007.05.29","권형진","박진열"
"2007.05.29","조대현","이영신"
"2007.05.29","전영규","안영길"
"2007.05.29","김강근","김승준"
"2007.05.29","김석흥","윤영민"
"2007.05.29","장명한","고재희"
"2007.05.29","고근태","유재호"
"2007.05.29","박영훈","하찬석"
"2007.05.29","강동윤","백지희"
"2007.05.29","유병호","조영숙"
"2007.05.29","양재호","김준영"
"2007.05.29","최병환","백성호"
"2007.05.29","이상훈(大)","김수진"
"2007.05.29","홍장식","심종식"
"2007.05.29","이기섭","김태향"
"2007.05.29","홍민표","정동식"
"2007.05.29","박승화","김일환"
"2007.05.29","이홍열","이관철"
"2007.05.29","옥득진","강만우"
"2007.05.29","원성진","홍성지"
"2007.05.29","김영환","김찬우"
"2007.05.29","조혜연","이하진"
"2007.05.29","허영호","이형로"
"2007.05.29","현미진","김은선"
"2007.05.29","김영환","이홍열"
"2007.05.29","김혜민","윤종섭"
"2007.05.29","이영구","이상철"
"2007.05.29","김대희","임순택"
"2007.05.29","이지현(여)","이봉근"
"2007.05.29","김기용","고수아"
"2007.05.29","최규병","김재구"
"2007.05.29","김환수","최문용"
"2007.05.29","윤성현","최명훈"
"2007.05.29","김형환","최창원"
"2007.05.29","조연우","한해원"
"2007.05.29","박정상","김성룡"
"2007.05.29","서능욱","김선호"
"2007.05.29","이정우","최원용"
"2007.05.29","박성수","박상돈"
"2007.05.29","양 건","박소현"
"2007.05.29","유재성","김기헌"
"2007.05.29","권오민","이성재"
"2007.05.29","윤준상","김세실"
"2007.05.29","김지석","박승철"
"2007.05.29","조훈현","홍기표"
"2007.05.29","박지은","박종열"
"2007.05.29","윤 혁","김진우"
"2007.05.29","조경호","이강욱"
"2007.05.29","김영삼","이현욱"
"2007.05.29","강 훈(大)","김민희"
"2007.05.29","최기훈","손근기"
"2007.05.29","이영신","김종수"
"2007.05.29","차수권","공병주"
"2007.05.29","문용직","장두진"
"2007.05.29","박지훈(大)","노준환"
"2007.05.29","조훈현","김은선"
"2007.05.29","이창호","배준희"
"2007.05.28","조훈현","안조영"
"2007.05.28","김은선","서봉수"
"2007.05.28","안영길","김종준"
"2007.05.28","박정상","백대현"
"2007.05.28","최기훈","이현욱"
"2007.05.28","서건우","유재성"
"2007.05.28","최철한","홍기표"
"2007.05.28","이세돌","목진석"
"2007.05.28","주형욱","송태곤"
"2007.05.28","최원용","루이나이웨이(국내)"
"2007.05.27","이영구","윤현석"
"2007.05.27","김형우","백홍석"
"2007.05.27","고근태","김지석"
"2007.05.27","박승화","홍민표"
"2007.05.27","허영호","강동윤"
"2007.05.27","최철한","오규철"
"2007.05.27","온소진","목진석"
"2007.05.25","윤준상","이창호"
"2007.05.25","백홍석","유재호"
"2007.05.25","김은선","배윤진"
"2007.05.25","목진석","김대희"
"2007.05.25","안영길","웨량"
"2007.05.25","김종준","백성호"
"2007.05.25","김승재","박지훈(大)"
"2007.05.25","김강근","이재웅"
"2007.05.25","이세돌","최규병"
"2007.05.25","양 건","김광식"
"2007.05.25","박정상","최철한"
"2007.05.25","백대현","윤찬희"
"2007.05.25","진동규","이상훈(小)"
"2007.05.25","온소진","허영호"
"2007.05.25","양재호","박종열"
"2007.05.25","최기훈","김동엽"
"2007.05.25","이현욱","서중휘"
"2007.05.25","유재성","나종훈"
"2007.05.25","서건우","고근태"
"2007.05.25","김지석","이정우"
"2007.05.25","한상훈","최원용"
"2007.05.25","염정훈","김동면"
"2007.05.25","이영구","김수용"
"2007.05.24","이세돌","쿵제"
"2007.05.24","최철한","목진석"
"2007.05.23","윤준상","홍성지"
"2007.05.23","유창혁","최원용"
"2007.05.23","온소진","이영신"
"2007.05.23","안조영","이성재"
"2007.05.23","유재호","현미진"
"2007.05.23","유창혁","서봉수"
"2007.05.23","양재호","권효진(여)"
"2007.05.23","박종열","임순택"
"2007.05.23","김동엽","심종식"
"2007.05.23","이현욱","이용수"
"2007.05.23","서중휘","김덕규"
"2007.05.23","고근태","권형진"
"2007.05.23","서건우","김형환"
"2007.05.23","김지석","홍민표"
"2007.05.23","이정우","박승화"
"2007.05.23","최원용","윤기현"
"2007.05.23","한상훈","김세실"
"2007.05.23","김동면","박성수"
"2007.05.23","염정훈","배윤진"
"2007.05.23","이영구","김대용"
"2007.05.23","김수용","윤지희"
"2007.05.23","김광식","윤 혁"
"2007.05.23","박정상","전영규"
"2007.05.23","김대희","루이나이웨이(국내)"
"2007.05.23","김승재","노영하"
"2007.05.23","웨량","서무상"
"2007.05.23","안영길","강 훈(大)"
"2007.05.23","백성호","조경호"
"2007.05.23","김종준","장명한"
"2007.05.23","박지훈(大)","박진열"
"2007.05.23","김영삼","김 원"
"2007.05.23","김은선","이기섭"
"2007.05.23","이재웅","김종수"
"2007.05.23","김강근","고수아"
"2007.05.23","백홍석","배준희"
"2007.05.23","최명훈","홍장식"
"2007.05.23","최규병","안관욱"
"2007.05.23","이세돌","조대현"
"2007.05.23","양 건","권오민"
"2007.05.23","최철한","옥득진"
"2007.05.23","윤찬희","이상훈(大)"
"2007.05.23","백대현","김명완"
"2007.05.23","목진석","박소현"
"2007.05.23","진동규","박정환"
"2007.05.23","이상훈(小)","손근기"
"2007.05.23","유재성","조혜연"
"2007.05.22","이재웅","김만수"
"2007.05.22","허영호","이홍열"
"2007.05.22","장명한","유병호"
"2007.05.22","윤 혁","김 인"
"2007.05.22","전영규","김승준"
"2007.05.22","양 건","박지은"
"2007.05.22","권형진","이강욱"
"2007.05.22","김은선","김종준"
"2007.05.22","박진열","이민진"
"2007.05.22","백홍석","조한승"
"2007.05.22","최명훈","윤현석"
"2007.05.22","홍장식","정대상"
"2007.05.22","이세돌","진시영"
"2007.05.22","목진석","이하진"
"2007.05.22","조훈현","박지연"
"2007.05.22","최기훈","홍성지"
"2007.05.22","이영구","박승철"
"2007.05.22","김지석","박정상"
"2007.05.22","허영호","박승화"
"2007.05.22","나종훈","김진우"
"2007.05.22","김은선","한철균"
"2007.05.22","유재성","강동윤"
"2007.05.22","윤기현","박영찬"
"2007.05.22","김대용","하호정"
"2007.05.22","김승재","이봉근"
"2007.05.22","윤찬희","김형우"
"2007.05.22","안영길","권경언"
"2007.05.22","서무상","이상철"
"2007.05.22","백성호","김학수(大)"
"2007.05.22","나종훈","김진우"
"2007.05.22","김은선","한철균"
"2007.05.22","유재성","강동윤"
"2007.05.22","윤기현","박영찬"
"2007.05.22","김대용","하호정"
"2007.05.22","김승재","이봉근"
"2007.05.22","윤찬희","김형우"
"2007.05.22","안영길","권경언"
"2007.05.22","서무상","이상철"
"2007.05.22","백성호","김학수(大)"
"2007.05.22","조경호","김주호"
"2007.05.22","김종준","하찬석"
"2007.05.22","박지훈(大)","노준환"
"2007.05.22","김 원","박승문"
"2007.05.22","김영삼","이관철"
"2007.05.22","이기섭","이형로"
"2007.05.22","고수아","김선미"
"2007.05.22","김강근","윤영민"
"2007.05.22","배준희","정수현"
"2007.05.22","최규병","강만우"
"2007.05.22","안관욱","이지현(여)"
"2007.05.22","조대현","서능욱"
"2007.05.22","권오민","문용직"
"2007.05.22","최철한","김선호"
"2007.05.22","이상훈(大)","허장회"
"2007.05.22","김명완","오규철"
"2007.05.22","백대현","유건재"
"2007.05.22","루이나이웨이(국내)","김재구"
"2007.05.22","김대희","김태향"
"2007.05.22","박소현","천풍조"
"2007.05.22","박정환","김환수"
"2007.05.22","진동규","김기헌"
"2007.05.22","이상훈(小)","장두진"
"2007.05.22","손근기","박상돈"
"2007.05.21","김은선","오규철"
"2007.05.21","웨량","장수영"
"2007.05.21","박지연","김민희"
"2007.05.21","현미진","김준영"
"2007.05.21","양재호","정동식"
"2007.05.21","김형환","박병규"
"2007.05.21","배윤진","공병주"
"2007.05.21","김광식","김영환"
"2007.05.21","온소진","김찬우"
"2007.05.21","허영호","김성래"
"2007.05.21","이홍열","김혜민"
"2007.05.21","이성재","최병환"
"2007.05.21","안조영","최창원"
"2007.05.21","조훈현","남치형"
"2007.05.21","유재호","장주주(국내)"
"2007.05.21","유창혁","홍기표"
"2007.05.21","서봉수","황원준"
"2007.05.21","권효진(여)","차수권"
"2007.05.21","임순택","김수장"
"2007.05.21","박종열","김수진"
"2007.05.21","김동엽","윤재웅"
"2007.05.21","최기훈","백흥수"
"2007.05.21","홍성지","김철중"
"2007.05.21","이용수","주형욱"
"2007.05.21","이현욱","이다혜"
"2007.05.21","김덕규","권갑용"
"2007.05.21","조혜연","류재형"
"2007.05.21","김진우","송태곤"
"2007.05.21","고근태","김기용"
"2007.05.21","서건우","홍종현"
"2007.05.21","홍민표","김성룡"
"2007.05.21","박승화","윤종섭"
"2007.05.21","이정우","윤성현"
"2007.05.21","최원용","백지희"
"2007.05.21","한상훈","고재희"
"2007.05.21","박성수","문명근"
"2007.05.21","김동면","김효정"
"2007.05.21","염정훈","조연우"
"2007.05.21","김수용","김석흥"
"2007.05.21","윤지희","한종진"
"2007.05.21","이세돌","강동윤"
"2007.05.21","박영훈","루이나이웨이(국내)"
"2007.05.21","이창호","박정상"
"2007.05.20","이정우","박승화"
"2007.05.19","왕시","이세돌"
"2007.05.19","김세실","조영숙"
"2007.05.19","송태곤","나종훈"
"2007.05.19","강동윤","안조영"
"2007.05.18","노영하","이정원"
"2007.05.18","김선미","이다혜"
"2007.05.18","이용수","박소현"
"2007.05.18","원성진","백홍석"
"2007.05.18","박정상","김일환"
"2007.05.18","서중휘","한해원"
"2007.05.18","김수용","김수진"
"2007.05.18","나종훈","양상국"
"2007.05.18","안조영","박지은"
"2007.05.17","백대현","홍기표"
"2007.05.17","김성룡","진시영"
"2007.05.17","박정환","안관욱"
"2007.05.17","이세돌","최명훈"
"2007.05.17","목진석","류재형"
"2007.05.17","홍성지","홍민표"
"2007.05.17","김지석","서건우"
"2007.05.17","김영환","웨량"
"2007.05.17","이상훈(大)","양 건"
"2007.05.17","조한승","김기용"
"2007.05.17","최철한","박영훈"
"2007.05.17","권효진(여)","이하진"
"2007.05.17","안조영","최규병"
"2007.05.17","이창호","이영구"
"2007.05.16","윤준상","한상훈"
"2007.05.16","조혜연","이성재"
"2007.05.16","백홍석","문명근"
"2007.05.16","이영구","염정훈"
"2007.05.16","백대현","김 인"
"2007.05.16","홍기표","박병규"
"2007.05.16","김성룡","김명완"
"2007.05.16","진시영","조혜연"
"2007.05.16","안관욱","심종식"
"2007.05.16","박정환","윤성현"
"2007.05.16","안조영","김강근"
"2007.05.16","박지은","최규병"
"2007.05.16","최명훈","허영호"
"2007.05.16","이세돌","이정우"
"2007.05.16","목진석","이성재"
"2007.05.16","류재형","나종훈"
"2007.05.16","홍성지","고근태"
"2007.05.16","홍민표","장주주(국내)"
"2007.05.16","김지석","루이나이웨이(국내)"
"2007.05.16","서건우","손근기"
"2007.05.16","웨량","이강욱"
"2007.05.16","김영환","조대현"
"2007.05.16","이상훈(大)","이현욱"
"2007.05.16","양 건","서봉수"
"2007.05.16","김기용","조훈현"
"2007.05.16","조한승","정수현"
"2007.05.16","김은선","김수장"
"2007.05.15","박정상","이창호"
"2007.05.15","원성진","김혜민"
"2007.05.15","염정훈","안영길"
"2007.05.15","문명근","강 훈(大)"
"2007.05.15","백홍석","장수영"
"2007.05.15","이영구","윤기현"
"2007.05.15","김 인","김재구"
"2007.05.15","백대현","온소진"
"2007.05.15","홍기표","김종수"
"2007.05.15","박병규","박승문"
"2007.05.15","김명완","양상국"
"2007.05.15","김성룡","이봉근"
"2007.05.15","진시영","정대상"
"2007.05.15","조혜연","강만우"
"2007.05.15","심종식","유건재"
"2007.05.15","안관욱","김일환"
"2007.05.15","박정환","최문용"
"2007.05.15","윤성현","노영하"
"2007.05.15","김강근","권갑용"
"2007.05.15","안조영","김형우"
"2007.05.15","최규병","유병호"
"2007.05.15","박지은","서무상"
"2007.05.15","허영호","유창혁"
"2007.05.15","최명훈","백성호"
"2007.05.15","이세돌","김동엽"
"2007.05.15","목진석","한상훈"
"2007.05.15","이성재","권형진"
"2007.05.15","류재형","최창원"
"2007.05.15","나종훈","김만수"
"2007.05.15","홍성지","노준환"
"2007.05.15","고근태","하찬석"
"2007.05.15","장주주(국내)","박상돈"
"2007.05.15","홍민표","고재희"
"2007.05.15","김지석","이희성"
"2007.05.15","루이나이웨이(국내)","이상훈(小)"
"2007.05.15","손근기","김동면"
"2007.05.15","서건우","윤준상"
"2007.05.15","이강욱","이기섭"
"2007.05.15","웨량","천풍조"
"2007.05.15","조대현","박진열"
"2007.05.15","이현욱","김주호"
"2007.05.15","이상훈(大)","김덕규"
"2007.05.15","양 건","유재호"
"2007.05.15","서봉수","오규철"
"2007.05.15","김기용","한철균"
"2007.05.15","조훈현","김준영"
"2007.05.15","조한승","김수장"
"2007.05.15","정수현","서능욱"
"2007.05.14","원성진","주형욱"
"2007.05.14","최철한","루이나이웨이(국내)"
"2007.05.14","김수장","백지희"
"2007.05.14","이정우","양재호"
"2007.05.14","김영환","박정상"
"2007.05.14","백홍석","홍종현"
"2007.05.14","안영길","김세실"
"2007.05.14","온소진","윤찬희"
"2007.05.14","박병규","권경언"
"2007.05.14","김성룡","장두진"
"2007.05.14","조혜연","이상철"
"2007.05.14","안관욱","김영삼"
"2007.05.14","윤성현","윤현석"
"2007.05.14","김형우","허장회"
"2007.05.14","서무상","한종진"
"2007.05.14","이세돌","황원준"
"2007.05.14","나종훈","김 원"
"2007.05.14","홍민표","박승화"
"2007.05.14","윤준상","박승철"
"2007.05.14","박진열","안달훈"
"2007.05.14","서봉수","이홍열"
"2007.05.14","서능욱","김대용"
"2007.05.13","김주호","최원용"
"2007.05.13","이세돌","목진석"
"2007.05.13","이창호","진동규"
"2007.05.13","최철한","이영구"
"2007.05.12","이세돌","창하오"
"2007.05.12","염정훈","한해원"
"2007.05.12","윤찬희","조훈현"
"2007.05.12","홍성지","배준희"
"2007.05.12","백지희","장수영"
"2007.05.11","안달훈","조한승"
"2007.05.11","고근태","백홍석"
"2007.05.11","이영구","윤성현"
"2007.05.11","한상훈","최기훈"
"2007.05.11","손근기","박종열"
"2007.05.11","김지석","홍장식"
"2007.05.11","진시영","김은선"
"2007.05.11","최문용","이민진"
"2007.05.11","김준영","차수권"
"2007.05.11","이강욱","박소현"
"2007.05.11","권형진","김수진"
"2007.05.11","김형우","윤지희"
"2007.05.11","홍성지","윤영민"
"2007.05.11","홍민표","이용찬"
"2007.05.11","박승철","김환수"
"2007.05.11","홍기표","조경호"
"2007.05.11","김세실","고수아"
"2007.05.11","김기용","김승재"
"2007.05.11","윤찬희","김진우"
"2007.05.11","안영길","김성래"
"2007.05.11","온소진","김선미"
"2007.05.11","박승화","이용수"
"2007.05.11","서건우","강동윤"
"2007.05.11","웨량","임순택"
"2007.05.11","박정환","현미진"
"2007.05.11","유재호","조영숙"
"2007.05.11","김대용","서중휘"
"2007.05.11","원성진","박영훈"
"2007.05.10","이영구","이창호"
"2007.05.10","박종열","김학수(大)"
"2007.05.10","최기훈","김수용"
"2007.05.10","한상훈","박성수"
"2007.05.10","손근기","문용직"
"2007.05.10","홍장식","김대희"
"2007.05.10","김지석","윤 혁"
"2007.05.10","진시영","전영규"
"2007.05.10","김은선","유재성"
"2007.05.10","최문용","장명한"
"2007.05.10","이민진","박지훈(大)"
"2007.05.10","김준영","주형욱"
"2007.05.10","차수권","남치형"
"2007.05.10","박소현","이형로"
"2007.05.10","이강욱","김광식"
"2007.05.10","김수진","정동식"
"2007.05.10","권형진","최병환"
"2007.05.10","김형우","이다혜"
"2007.05.10","윤지희","김민희"
"2007.05.10","윤영민","김찬우"
"2007.05.10","홍성지","옥득진"
"2007.05.10","홍민표","이정원"
"2007.05.10","이용찬","박지연"
"2007.05.10","김환수","권효진(여)"
"2007.05.10","박승철","김혜민"
"2007.05.10","홍기표","이하진"
"2007.05.10","조경호","김종준"
"2007.05.10","한해원","배윤진"
"2007.05.10","염정훈","김선호"
"2007.05.10","김세실","진동규"
"2007.05.10","고수아","김효정"
"2007.05.10","김승재","이관철"
"2007.05.10","김기용","백지희"
"2007.05.10","윤찬희","김석흥"
"2007.05.10","김진우","김기헌"
"2007.05.10","안영길","권오민"
"2007.05.10","김성래","김철중"
"2007.05.10","김선미","하호정"
"2007.05.10","온소진","이영신"
"2007.05.10","이용수","박영찬"
"2007.05.10","박승화","이재웅"
"2007.05.10","서건우","김형환"
"2007.05.10","강동윤","배준희"
"2007.05.10","임순택","백흥수"
"2007.05.10","웨량","조연우"
"2007.05.10","현미진","윤종섭"
"2007.05.10","박정환","이지현(여)"
"2007.05.10","유재호","최원용"
"2007.05.10","조영숙","윤재웅"
"2007.05.10","서중휘","공병주"
"2007.05.10","김대용","김태향"
"2007.05.09","고수아","조연우"
"2007.05.09","김혜민","김선미"
"2007.05.09","박지연","하호정"
"2007.05.09","이지현(여)","이영신"
"2007.05.09","조혜연","배윤진"
"2007.05.09","박지은","이하진"
"2007.05.09","홍민표","박정상"
"2007.05.09","김지석","이희성"
"2007.05.09","윤찬희","홍기표"
"2007.05.09","진동규","서중휘"
"2007.05.09","최철한","조한승"
"2007.05.09","윤준상","한상훈"
"2007.05.08","윤 혁","온소진"
"2007.05.08","목진석","이세돌"
"2007.05.08","한상훈","박영훈"
"2007.05.08","윤준상","이성재"
"2007.05.08","고수아","김태향"
"2007.05.08","조연우","남치형"
"2007.05.08","김선미","김민희"
"2007.05.08","김혜민","이정원"
"2007.05.08","하호정","김효정"
"2007.05.08","박지연","현미진"
"2007.05.08","이영신","김은선"
"2007.05.08","이지현(여)","한해원"
"2007.05.08","배윤진","윤영민"
"2007.05.08","이하진","윤지희"
"2007.05.08","조혜연","이민진"
"2007.05.07","박지은","이다혜"
"2007.05.07","최철한","윤성현"
"2007.05.07","이세돌","김지석"
"2007.05.07","홍민표","손근기"
"2007.05.07","김혜민","박소현"
"2007.05.07","한해원","조영숙"
"2007.05.07","이민진","권효진(여)"
"2007.05.07","윤지희","김수진"
"2007.05.07","이창호","최명훈"
"2007.05.07","김승준","김기용"
"2007.05.07","조훈현","진동규"
"2007.05.07","장수영","김수진"
"2007.05.06","최원용","윤현석"
"2007.05.06","백홍석","윤찬희"
"2007.05.05","조한승","고근태"
"2007.05.05","강동윤","목진석"
"2007.05.05","김수진","김일환"
"2007.05.04","홍성지","박승화"
"2007.05.04","현미진","백지희"
"2007.05.04","이세돌","이영구"
"2007.05.04","이현욱","김종준"
"2007.05.04","김지석","권효진(여)"
"2007.05.03","박지은","고수아"
"2007.05.03","유창혁","이정우"
"2007.05.03","윤준상","원성진"
"2007.05.03","김일환","이희성"
"2007.05.03","오규철","김세실"
"2007.05.02","박정환","온소진"
"2007.05.02","안조영","최철한"
"2007.05.02","김승재","고근태"
"2007.05.02","김형우","김대용"
"2007.05.02","조한승","홍성지"
"2007.05.02","박영훈","이창호"
"2007.05.01","박승화","진동규"
"2007.05.01","박정상","이영구"
"2007.05.01","원성진","백홍석"
"2007.04.30","왕레이","윤 혁"
"2007.04.30","류징","류재형"
"2007.04.30","이영구","홍성지"
"2007.04.30","조훈현","김광식"
"2007.04.30","류시훈","김주호"
"2007.04.30","윤준상","파오원야오"
"2007.04.30","안달훈","나카노 히로나리"
"2007.04.30","강동윤","옥득진"
"2007.04.30","목진석","중원징"
"2007.04.30","쿵제","왕시"
"2007.04.30","온소진","서무상"
"2007.04.30","한상훈","윤찬희"
"2007.04.30","셰허","박승철"
"2007.04.30","왕레이(雷)","리캉"
"2007.04.30","이희성","김종해(아마)"
"2007.04.30","딩웨이","이성재"
"2007.04.29","김수진","권갑용"
"2007.04.28","이영구","이성재"
"2007.04.28","홍민표","한상훈"
"2007.04.27","나카노 히로나리","유창혁"
"2007.04.27","류시훈","이홍열"
"2007.04.27","김주호","김성룡"
"2007.04.27","왕레이","박승화"
"2007.04.27","윤 혁","구링이"
"2007.04.27","왕시","류스전"
"2007.04.27","쿵제","홍민표"
"2007.04.27","서무상","판산치"
"2007.04.27","온소진","최원용"
"2007.04.27","윤찬희","박병규"
"2007.04.27","한상훈","노영하"
"2007.04.27","딩웨이","고근태"
"2007.04.27","이성재","진시영"
"2007.04.27","조훈현","이강욱"
"2007.04.27","김광식","오규철"
"2007.04.27","리캉","한종진"
"2007.04.27","왕레이(雷)","윤현석"
"2007.04.27","셰허","천스위안(국내)"
"2007.04.27","박승철","뤄시허"
"2007.04.27","안달훈","탄샤오"
"2007.04.27","이희성","쑤야오궈"
"2007.04.27","김종해(아마)","이다혜"
"2007.04.27","류재형","안자이 노부아키"
"2007.04.27","류징","원성진"
"2007.04.27","이영구","김승재"
"2007.04.27","홍성지","홍기표"
"2007.04.27","강동윤","왕야오"
"2007.04.27","옥득진","김만수"
"2007.04.27","윤준상","김영환"
"2007.04.27","파오원야오","김수용"
"2007.04.27","중원징","김형우"
"2007.04.27","목진석","위빈"
"2007.04.27","김지석","박영훈"
"2007.04.27","안달훈","이희성"
"2007.04.26","류시훈","김종준"
"2007.04.26","이홍열","김동면"
"2007.04.26","김성룡","고수아"
"2007.04.26","김주호","하찬석"
"2007.04.26","박승화","쩌우쥔제"
"2007.04.26","왕레이","최명훈"
"2007.04.26","구링이","윤지희"
"2007.04.26","윤 혁","야마다 기미오"
"2007.04.26","류스전","김병준"
"2007.04.26","왕시","조혜연"
"2007.04.26","쿵제","왕위후이"
"2007.04.26","홍민표","미조카미 도모치카"
"2007.04.26","판산치","김대희"
"2007.04.26","서무상","김찬우"
"2007.04.26","최원용","황이중"
"2007.04.26","온소진","손근기"
"2007.04.26","윤찬희","웨량"
"2007.04.26","박병규","유경민"
"2007.04.26","한상훈","김승준"
"2007.04.26","노영하","남치형"
"2007.04.26","고근태","전영규"
"2007.04.26","딩웨이","박지훈(大)"
"2007.04.26","진시영","야마다 신지"
"2007.04.26","이성재","진동규"
"2007.04.26","조훈현","이상훈(小)"
"2007.04.26","이강욱","김강근"
"2007.04.26","오규철","박진열"
"2007.04.26","김광식","서건우"
"2007.04.26","리캉","저우루이양"
"2007.04.26","한종진","송태곤"
"2007.04.26","왕레이(雷)","강 훈(大)"
"2007.04.26","윤현석","뉴위톈"
"2007.04.26","조훈현","박승철"
"2007.04.26","이창호","배준희"
"2007.04.26","셰허","김진우"
"2007.04.26","천스위안(국내)","황이중"
"2007.04.26","박승철","오하시 히로후미"
"2007.04.26","뤄시허","문용직"
"2007.04.26","안달훈","왕여우샤"
"2007.04.26","탄샤오","왕하오양"
"2007.04.26","유창혁","양 건"
"2007.04.26","나카노 히로나리","가나자와 히데오"
"2007.04.26","이희성","윤재웅"
"2007.04.26","쑤야오궈","샤다밍"
"2007.04.26","이다혜","린한제"
"2007.04.26","김종해(아마)","유재호"
"2007.04.26","안자이 노부아키","이현욱"
"2007.04.26","류재형","박진솔"
"2007.04.26","류징","조연우"
"2007.04.26","이영구","다지리 유토"
"2007.04.26","김승재","세토 다이키"
"2007.04.26","홍기표","안관욱"
"2007.04.26","홍성지","김환수"
"2007.04.26","강동윤","사오웨이강"
"2007.04.26","왕야오","펑리야오"
"2007.04.26","옥득진","권형진"
"2007.04.26","김만수","샤오정하오"
"2007.04.26","김영환","백성호"
"2007.04.26","윤준상","김일환"
"2007.04.26","파오원야오","허영호"
"2007.04.26","중원징","마쓰모토 다케히사"
"2007.04.26","목진석","다케이 다카시"
"2007.04.26","위빈","미타니 데츠야"
"2007.04.25","이세돌","박정상"
"2007.04.25","원성진","장정핑(국내)"
"2007.04.25","김형우","김세실"
"2007.04.25","김수용","조대현"
"2007.04.25","이홍열","하호정"
"2007.04.25","김승준","김주호"
"2007.04.25","조혜연","정수현"
"2007.04.25","리캉","강만우"
"2007.04.25","강 훈(大)","하영일"
"2007.04.25","하찬석","최창원"
"2007.04.25","고수아","이정원"
"2007.04.25","김성룡","최규병"
"2007.04.25","류시훈","문명근"
"2007.04.25","왕레이","김준영"
"2007.04.25","구링이","나카네 나오유키"
"2007.04.25","윤지희","김수진"
"2007.04.25","박승화","안조영"
"2007.04.25","최명훈","김기헌"
"2007.04.25","김주호","장명한"
"2007.04.25","김종준","김재구"
"2007.04.25","김동면","김태향"
"2007.04.25","쩌우쥔제","장쉐빈"
"2007.04.25","윤 혁","함영우(아마)"
"2007.04.25","홍민표","이관철"
"2007.04.25","류스전","박종열"
"2007.04.25","김대희","김석흥"
"2007.04.25","쿵제","주형욱"
"2007.04.25","김병준","고재희"
"2007.04.25","왕위후이","이형로"
"2007.04.25","왕시","서봉수"
"2007.04.25","조훈현","김성래"
"2007.04.25","미조카미 도모치카","임순택"
"2007.04.25","김찬우","배준희"
"2007.04.25","최원용","서능욱"
"2007.04.25","판산치","김혜민"
"2007.04.25","서무상","이야마 유타"
"2007.04.25","황이중","류싱"
"2007.04.25","윤찬희","조경호"
"2007.04.25","웨량","이정우"
"2007.04.25","송태곤","슈토 슌"
"2007.04.25","온소진","황원준"
"2007.04.25","한상훈","나카무라 신야"
"2007.04.25","손근기","김선호"
"2007.04.25","김승준","김동엽"
"2007.04.25","한종진","강창배(아마)"
"2007.04.25","박병규","김효정"
"2007.04.25","유경민","이지현(여)"
"2007.04.25","딩웨이","이케다 아야코"
"2007.04.25","노영하","시모지마 요헤이"
"2007.04.25","저우루이양","백대현"
"2007.04.25","서건우","천이다"
"2007.04.25","고근태","권효진(여)"
"2007.04.25","남치형","공병주"
"2007.04.25","박지훈(大)","차수권"
"2007.04.25","김광식","박소현"
"2007.04.25","전영규","고니시 가쓰코"
"2007.04.25","김강근","윤영민"
"2007.04.25","진시영","노준환"
"2007.04.25","이성재","이기섭"
"2007.04.25","진동규","안영길"
"2007.04.25","야마다 신지","이상철"
"2007.04.25","이강욱","이봉근"
"2007.04.25","박진열","김학수(大)"
"2007.04.25","오규철","천풍조"
"2007.04.25","야마다 기미오","백흥수"
"2007.04.25","윤현석","윤성현"
"2007.04.25","이상훈(小)","유재성"
"2007.04.24","조한승","이창호"
"2007.04.24","김승재","가토 게이코"
"2007.04.24","김세실","유병호"
"2007.04.24","사오웨이강","김형환"
"2007.04.24","셰허","백홍석"
"2007.04.24","김진우","박상돈"
"2007.04.24","황이윈","김 인"
"2007.04.24","천스위안(국내)","박정환"
"2007.04.24","오하시 히로후미","배윤진"
"2007.04.24","박승철","루이나이웨이(국내)"
"2007.04.24","뤄시허","나종훈"
"2007.04.24","문용직","안도 가즈시게"
"2007.04.24","왕여우샤","천야오예"
"2007.04.24","안달훈","김철중"
"2007.04.24","탄샤오","황샹런"
"2007.04.24","왕하오양","김수준"
"2007.04.24","양 건","김명완"
"2007.04.24","유창혁","양상국"
"2007.04.24","가나자와 히데오","박지연"
"2007.04.24","나카노 히로나리","양이"
"2007.04.24","윤재웅","김덕규"
"2007.04.24","이희성","김지석"
"2007.04.24","쑤야오궈","현미진"
"2007.04.24","샤다밍","장두진"
"2007.04.24","이다혜","윤종섭"
"2007.04.24","린한제","한철균"
"2007.04.24","김종해(아마)","이민진"
"2007.04.24","유재호","야시로 구미코"
"2007.04.24","이현욱","오바 준야"
"2007.04.24","안자이 노부아키","이하진"
"2007.04.24","박진솔","윤기현"
"2007.04.24","류재형","장주주(국내)"
"2007.04.24","조연우","박승문"
"2007.04.24","류징","김영삼"
"2007.04.24","원성진","김기용"
"2007.04.24","장정핑(국내)","김대용"
"2007.04.24","이영구","박지은"
"2007.04.24","다지리 유토","장수영"
"2007.04.24","세토 다이키","백지희"
"2007.04.24","홍기표","장웨이"
"2007.04.24","안관욱","조치엔"
"2007.04.24","김환수","김학수(小)"
"2007.04.24","홍성지","정대상"
"2007.04.24","강동윤","무라카와 다이스케"
"2007.04.24","펑리야오","오사와 나루미"
"2007.04.24","왕야오","린수양"
"2007.04.24","권형진","저우허양"
"2007.04.24","옥득진","박성수"
"2007.04.24","샤오정하오","조영숙"
"2007.04.24","김만수","후지타 아키히코"
"2007.04.24","김영환","장리요우"
"2007.04.24","백성호","오야 고이치"
"2007.04.24","김일환","김은선"
"2007.04.24","윤준상","김종수"
"2007.04.24","허영호","모치즈키 겐이치"
"2007.04.24","파오원야오","퉈자시"
"2007.04.24","조대현","최기훈"
"2007.04.24","김수용","마오루이룽"
"2007.04.24","마쓰모토 다케히사","린즈한"
"2007.04.24","중원징","정동식"
"2007.04.24","김형우","서중휘"
"2007.04.24","목진석","허장회"
"2007.04.24","다케이 다카시","이영신"
"2007.04.24","위빈","황이주"
"2007.04.24","미타니 데츠야","김선미"
"2007.04.24","왕레이(雷)","김민희"
"2007.04.24","뉴위톈","권경언"
"2007.04.23","류스전","이상훈(大)"
"2007.04.23","홍기표","심종식"
"2007.04.23","류시훈","한해원"
"2007.04.23","김성룡","박영찬"
"2007.04.23","박승화","장카이신"
"2007.04.23","윤지희","하타나카 호시노부"
"2007.04.23","주형욱","양재호"
"2007.04.23","판산치","김수장"
"2007.04.23","최원용","권갑용"
"2007.04.23","윤찬희","홍종현"
"2007.04.23","김동엽","최병환"
"2007.04.23","전영규","호리모토 미츠나리"
"2007.04.23","진시영","염정훈"
"2007.04.23","유재성","권오민"
"2007.04.23","천풍조","유건재"
"2007.04.23","저우루이양","다케미야 요코"
"2007.04.23","하영일","스베타(객원)"
"2007.04.23","백홍석","홍장식"
"2007.04.23","배윤진","김현정"
"2007.04.23","왕여우샤","추쥔"
"2007.04.23","김명완","윤호선(아마)"
"2007.04.23","김덕규","우치다 슈헤이"
"2007.04.23","이다혜","천궈싱"
"2007.04.23","오바 준야","다무라 치아키"
"2007.04.23","박승문","스웨"
"2007.04.23","박지은","리저"
"2007.04.23","강동윤","기와다 카즈오미"
"2007.04.23","권형진","이재웅"
"2007.04.23","장리요우","이용수"
"2007.04.23","모치즈키 겐이치","김 원"
"2007.04.23","린즈한","세키 다쓰야"
"2007.04.23","목진석","만나미 나오"
"2007.04.21","이세돌","주형욱"
"2007.04.21","권갑용","고수아"
"2007.04.20","박정상","윤성현"
"2007.04.20","고수아","이홍열"
"2007.04.20","이재웅","주형욱"
"2007.04.20","온소진","양 건"
"2007.04.20","최철한","이세돌"
"2007.04.19","허영호","윤성현"
"2007.04.19","홍성지","이창호"
"2007.04.19","진동규","차수권"
"2007.04.19","이홍열","박지연"
"2007.04.19","백홍석","원성진"
"2007.04.18","목진석","최명훈"
"2007.04.18","최원용","박영훈"
"2007.04.18","이영구","박정상"
"2007.04.18","안조영","안달훈"
"2007.04.17","김지석","김승준"
"2007.04.17","김혜민","박지은"
"2007.04.16","후야오위","야마시타 게이고"
"2007.04.16","원성진","루이나이웨이(국내)"
"2007.04.16","왕시","박정상"
"2007.04.16","장쉬","이세돌"
"2007.04.16","홍기표","손근기"
"2007.04.16","목진석","주형욱"
"2007.04.16","홍성지","조훈현"
"2007.04.16","이창호","창하오"
"2007.04.16","요다 노리모토","구리"
"2007.04.16","저우허양","나카무라 신야"
"2007.04.16","최철한","쿵제"
"2007.04.16","박영훈","요코다 시게아키"
"2007.04.16","박지연","김동엽"
"2007.04.14","나카무라 신야","페르난도 아길라"
"2007.04.14","후야오위","유키 사토시"
"2007.04.14","요다 노리모토","리지에(아마)"
"2007.04.14","요코다 시게아키","스베타(객원)"
"2007.04.16","이창호","창하오"
"2007.04.16","요다 노리모토","구리"
"2007.04.16","저우허양","나카무라 신야"
"2007.04.16","최철한","쿵제"
"2007.04.16","박영훈","요코다 시게아키"
"2007.04.16","박지연","김동엽"
"2007.04.14","나카무라 신야","페르난도 아길라"
"2007.04.14","후야오위","유키 사토시"
"2007.04.14","요다 노리모토","리지에(아마)"
"2007.04.14","요코다 시게아키","스베타(객원)"
"2007.04.14","장쉬","저우쥔쉰"
"2007.04.14","창하오","조한승"
"2007.04.14","쿵제","고근태"
"2007.04.14","왕시","다카오 신지"
"2007.04.13","서중휘","윤지희"
"2007.04.13","안조영","조훈현"
"2007.04.13","전영규","홍민표"
"2007.04.13","박승철","최원용"
"2007.04.13","권형진","백지희"
"2007.04.13","김지석","김선호"
"2007.04.13","윤 혁","손근기"
"2007.04.13","한상훈","김수용"
"2007.04.13","박정환","이강욱"
"2007.04.13","박지연","윤재웅"
"2007.04.13","김혜민","최기훈"
"2007.04.13","강동윤","권효진(여)"
"2007.04.13","최병환","고수아"
"2007.04.13","주형욱","한해원"
"2007.04.13","온소진","김수진"
"2007.04.13","김형우","김형환"
"2007.04.13","윤찬희","이하진"
"2007.04.13","김지석","옥득진"
"2007.04.13","손근기","김대희"
"2007.04.13","김선미","김세실"
"2007.04.13","박지연","조경호"
"2007.04.13","박승화","배준희"
"2007.04.13","홍성지","김기용"
"2007.04.13","강동윤","염정훈"
"2007.04.13","백홍석","김환수"
"2007.04.13","김은선","이민진"
"2007.04.13","박소현","서건우"
"2007.04.13","온소진","김진우"
"2007.04.12","원성진","백홍석"
"2007.04.12","김은선","권효진(여)"
"2007.04.12","이영구","허영호"
"2007.04.12","강동윤","송태곤"
"2007.04.11","박영훈","허영호"
"2007.04.11","이성재","최철한"
"2007.04.11","박지연","김석흥"
"2007.04.10","윤 혁","김혜민"
"2007.04.10","이세돌","박정상"
"2007.04.09","박지연","정대상"
"2007.04.09","나종훈","김혜민"
"2007.04.07","박영훈","최철한"
"2007.04.06","한상훈","조한승"
"2007.04.06","윤준상","윤찬희"
"2007.04.06","온소진","진동규"
"2007.04.06","강동윤","백성호"
"2007.04.06","이창호","양재호"
"2007.04.06","김혜민","이홍열"
"2007.04.05","김일환","노영하"
"2007.04.05","이희성","이홍열"
"2007.04.05","윤찬희","김영환"
"2007.04.05","박지훈(大)","박영찬"
"2007.04.05","이성재","김찬우"
"2007.04.05","배준희","정대상"
"2007.04.05","이정우","이강욱"
"2007.04.05","서건우","윤찬희"
"2007.04.05","한상훈","안달훈"
"2007.04.05","김수장","홍기표"
"2007.04.05","윤현석","하찬석"
"2007.04.05","박승철","이하진"
"2007.04.05","손근기","서능욱"
"2007.04.05","조혜연","최명훈"
"2007.04.05","박지훈(大)","주형욱"
"2007.04.05","박영찬","황원준"
"2007.04.05","이성재","허장회"
"2007.04.05","김찬우","현미진"
"2007.04.05","정대상","김명완"
"2007.04.05","배준희","윤성현"
"2007.04.05","이정우","박승화"
"2007.04.05","이강욱","최기훈"
"2007.04.05","서건우","이용찬"
"2007.04.05","한상훈","김수용"
"2007.04.05","안달훈","노준환"
"2007.04.05","나종훈","진동규"
"2007.04.05","김수장","김기용"
"2007.04.05","홍기표","옥득진"
"2007.04.05","하찬석","유재호"
"2007.04.05","윤현석","김기헌"
"2007.04.05","박승철","김성룡"
"2007.04.05","이하진","이상훈(大)"
"2007.04.05","손근기","서봉수"
"2007.04.05","서능욱","이다혜"
"2007.04.05","최명훈","김진우"
"2007.04.05","조혜연","최규병"
"2007.04.04","이정우","장수영"
"2007.04.04","조한승","김지석"
"2007.04.04","한상훈","염정훈"
"2007.04.04","허영호","박승화"
"2007.04.04","박영훈","홍성지"
"2007.04.04","윤준상","옥득진"
"2007.04.04","윤찬희","목진석"
"2007.04.04","이성재","서건우"
"2007.04.04","최철한","유창혁"
"2007.04.03","김승준","조한승"
"2007.04.03","박지훈(大)","김 원"
"2007.04.03","주형욱","김환수"
"2007.04.03","박영찬","김대용"
"2007.04.03","황원준","문용직"
"2007.04.03","이성재","김수진"
"2007.04.03","허장회","김동면"
"2007.04.03","현미진","조연우"
"2007.04.03","김찬우","권형진"
"2007.04.03","김명완","홍장식"
"2007.04.03","정대상","윤지희"
"2007.04.03","배준희","박정환"
"2007.04.03","윤성현","정수현"
"2007.04.03","박승화","이상철"
"2007.04.03","이강욱","안관욱"
"2007.04.03","최기훈","조대현"
"2007.04.03","윤찬희","이용찬"
"2007.04.03","김영환","박소현"
"2007.04.03","이용수","전영규"
"2007.04.03","서건우","권갑용"
"2007.04.03","한상훈","김종수"
"2007.04.03","김수용","강만우"
"2007.04.03","노준환","이형로"
"2007.04.03","안달훈","박성수"
"2007.04.03","주형욱","김성래"
"2007.04.03","김 원","김석흥"
"2007.04.03","박지훈(大)","염정훈"
"2007.04.03","박영찬","김형우"
"2007.04.03","김대용","유재성"
"2007.04.03","문용직","윤영민"
"2007.04.03","이성재","정동식"
"2007.04.03","김수진","서무상"
"2007.04.03","허장회","노영하"
"2007.04.03","현미진","박종열"
"2007.04.03","조연우","백흥수"
"2007.04.03","김찬우","김철중"
"2007.04.03","홍장식","김효곤"
"2007.04.03","김명완","남치형"
"2007.04.03","윤지희","김재구"
"2007.04.03","배준희","김 인"
"2007.04.03","박정환","강 훈(大)"
"2007.04.03","윤성현","이현욱"
"2007.04.03","이정우","스베타(객원)"
"2007.04.03","이상철","장두진"
"2007.04.03","안관욱","차수권"
"2007.04.03","이강욱","하호정"
"2007.04.03","조대현","김태향"
"2007.04.03","윤찬희","김영삼"
"2007.04.03","이용찬","김동엽"
"2007.04.03","김영환","윤종섭"
"2007.04.03","이용수","김일환"
"2007.04.03","전영규","백지희"
"2007.04.03","서건우","이지현(여)"
"2007.04.03","김종수","김대희"
"2007.04.03","한상훈","유병호"
"2007.04.03","노준환","백성호"
"2007.04.03","이형로","배윤진"
"2007.04.03","윤현석","권효진(여)"
"2007.04.03","진동규","최문용"
"2007.04.03","박성수","김선미"
"2007.04.03","윤현석","김광식"
"2007.04.02","이영구","윤현석"
"2007.04.02","이창호","홍민표"
"2007.04.02","장수영","이정원"
"2007.04.02","김수용","김학수(大)"
"2007.04.02","진동규","온소진"
"2007.04.02","원성진","윤준상"
"2007.04.02","이홍열","윤 혁"
"2007.04.02","김혜민","이기섭"
"2007.04.02","나종훈","김형환"
"2007.04.02","김수장","유건재"
"2007.04.02","김기용","김만수"
"2007.04.02","옥득진","김강근"
"2007.04.02","홍기표","임순택"
"2007.04.02","유재호","안영길"
"2007.04.02","하찬석","서중휘"
"2007.04.02","김기헌","홍종현"
"2007.04.02","박승철","양재호"
"2007.04.02","김성룡","한종진"
"2007.04.02","이상훈(大)","이관철"
"2007.04.02","이하진","김민희"
"2007.04.02","손근기","장주주(국내)"
"2007.04.02","서봉수","박병규"
"2007.04.02","서능욱","양 건"
"2007.04.02","이다혜","이상훈(小)"
"2007.04.02","김진우","한철균"
"2007.04.02","최명훈","문명근"
"2007.04.02","조혜연","박지연"
"2007.04.02","최규병","백대현"
"2007.04.02","옥득진","권경언"
"2007.04.02","윤 혁","이민진"
"2007.04.02","이홍열","김은선"
"2007.04.02","김혜민","고재희"
"2007.04.02","김형환","최병환"
"2007.04.02","나종훈","강지성"
"2007.04.02","최문용","윤재웅"
"2007.04.02","유건재","장명한"
"2007.04.02","김수장","한해원"
"2007.04.02","김만수","김종준"
"2007.04.02","김강근","김선호"
"2007.04.02","임순택","최창원"
"2007.04.02","유재호","김준영"
"2007.04.02","안영길","고수아"
"2007.04.02","서중휘","박지은"
"2007.04.02","권효진(여)","이영신"
"2007.04.02","김기헌","류재형"
"2007.04.02","양재호","박상돈"
"2007.04.02","박승철","권오민"
"2007.04.02","김성룡","천풍조"
"2007.04.02","이관철","심종식"
"2007.04.02","이상훈(大)","오규철"
"2007.04.02","김민희","김세실"
"2007.04.02","장주주(국내)","윤기현"
"2007.04.02","손근기","박승문"
"2007.04.02","서봉수","공병주"
"2007.04.02","서능욱","진시영"
"2007.04.02","양 건","양상국"
"2007.04.02","이상훈(小)","박진열"
"2007.04.02","김진우","조영숙"
"2007.04.02","한철균","김효정"
"2007.04.02","최명훈","이봉근"
"2007.04.02","조혜연","김덕규"
"2007.04.02","박지연","조경호"
"2007.04.02","최규병","김승재"
"2007.03.29","조혜연","이하진"
"2007.03.28","진동규","윤준상"
"2007.03.27","이영구","김지석"
"2007.03.27","이영구","서봉수"
"2007.03.27","목진석","이창호"
"2007.03.27","배준희","윤준상"
"2007.03.26","백홍석","박승화"
"2007.03.26","박영훈","온소진"
"2007.03.26","김동엽","정수현"
"2007.03.25","셰허","펑취안"
"2007.03.25","구리","창하오"
"2007.03.23","구리","창하오"
"2007.03.23","윤준상","이영구"
"2007.03.23","루이나이웨이(국내)","옥득진"
"2007.03.23","홍성지","박정상"
"2007.03.23","박영훈","김환수"
"2007.03.23","윤성현","백홍석"
"2007.03.23","원성진","윤찬희"
"2007.03.23","주형욱","안달훈"
"2007.03.23","최철한","유창혁"
"2007.03.23","송태곤","박승화"
"2007.03.23","허영호","김형환"
"2007.03.23","루이나이웨이(국내)","홍장식"
"2007.03.23","옥득진","노준환"
"2007.03.23","홍성지","최문용"
"2007.03.23","박정상","진시영"
"2007.03.23","김환수","유재성"
"2007.03.23","박영훈","이정우"
"2007.03.23","윤성현","김승준"
"2007.03.23","백홍석","황원준"
"2007.03.23","윤찬희","장주주(국내)"
"2007.03.23","원성진","김영환"
"2007.03.23","온소진","조혜연"
"2007.03.23","안달훈","한상훈"
"2007.03.23","주형욱","김기용"
"2007.03.23","유창혁","이하진"
"2007.03.23","최철한","이재웅"
"2007.03.23","송태곤","김대용"
"2007.03.23","박승화","안조영"
"2007.03.23","허영호","최명훈"
"2007.03.23","김형환","목진석"
"2007.03.23","김지석","권효진(여)"
"2007.03.23","김종준","강 훈(大)"
"2007.03.23","이민진","현미진"
"2007.03.22","서건우","박정상"
"2007.03.22","김지석","서봉수"
"2007.03.22","박영훈","안조영"
"2007.03.22","최철한","김영환"
"2007.03.22","조한승","서중휘"
"2007.03.22","윤찬희","이영구"
"2007.03.22","허영호","원성진"
"2007.03.22","윤준상","윤성현"
"2007.03.22","염정훈","전영규"
"2007.03.22","김종준","박지은"
"2007.03.22","유재성","정수현"
"2007.03.22","한상훈","서무상"
"2007.03.22","박승화","고근태"
"2007.03.22","홍성지","박승문"
"2007.03.22","옥득진","온소진"
"2007.03.22","목진석","이상훈(小)"
"2007.03.22","이성재","서능욱"
"2007.03.22","유창혁","김형환"
"2007.03.22","저우쥔쉰","후야오위"
"2007.03.21","이영구","권오민"
"2007.03.21","후야오위","저우쥔쉰"
"2007.03.21","김일환","장명한"
"2007.03.21","김수진","권효진(여)"
"2007.03.21","김지석","진시영"
"2007.03.21","서봉수","김승재"
"2007.03.21","서중휘","조훈현"
"2007.03.21","조한승","김준영"
"2007.03.21","백지희","이다혜"
"2007.03.21","염정훈","최기훈"
"2007.03.21","한상훈","김찬우"
"2007.03.21","허영호","장수영"
"2007.03.21","원성진","김진우"
"2007.03.21","고근태","김성룡"
"2007.03.21","박승화","손근기"
"2007.03.21","박영훈","유재호"
"2007.03.21","안조영","박정환"
"2007.03.21","박승문","주형욱"
"2007.03.21","온소진","홍민표"
"2007.03.21","옥득진","조경호"
"2007.03.21","윤준상","김승준"
"2007.03.21","윤성현","진동규"
"2007.03.21","목진석","이상훈(大)"
"2007.03.21","이상훈(小)","안관욱"
"2007.03.21","윤찬희","최병환"
"2007.03.21","서능욱","김주호"
"2007.03.21","이성재","양재호"
"2007.03.21","박정상","박지은"
"2007.03.21","서건우","김선미"
"2007.03.21","김형환","김형우"
"2007.03.21","유창혁","이용수"
"2007.03.21","김영환","백홍석"
"2007.03.20","안달훈","서중휘"
"2007.03.20","서중휘","이홍열"
"2007.03.20","김효정","김민희"
"2007.03.20","홍장식","김수장"
"2007.03.20","루이나이웨이(국내)","박병규"
"2007.03.20","노준환","조대현"
"2007.03.20","옥득진","고근태"
"2007.03.20","최문용","서건우"
"2007.03.20","홍성지","안영길"
"2007.03.20","진시영","정수현"
"2007.03.20","박정상","김만수"
"2007.03.20","김환수","배윤진"
"2007.03.20","유재성","홍민표"
"2007.03.20","이정우","오규철"
"2007.03.20","박영훈","이상철"
"2007.03.20","윤성현","배준희"
"2007.03.20","김승준","서무상"
"2007.03.20","황원준","백흥수"
"2007.03.20","백홍석","박정환"
"2007.03.20","장주주(국내)","김명완"
"2007.03.20","윤찬희","한해원"
"2007.03.20","김영환","강 훈(大)"
"2007.03.20","원성진","서능욱"
"2007.03.20","조혜연","윤지희"
"2007.03.20","온소진","김석흥"
"2007.03.20","진동규","전영규"
"2007.03.20","윤준상","염정훈"
"2007.03.20","한상훈","김주호"
"2007.03.20","김기용","최병환"
"2007.03.20","주형욱","윤 혁"
"2007.03.20","이하진","김종수"
"2007.03.20","유창혁","김수진"
"2007.03.20","이재웅","김일환"
"2007.03.20","최철한","백대현"
"2007.03.20","김대용","김성룡"
"2007.03.20","송태곤","박지은"
"2007.03.20","박승화","김대희"
"2007.03.20","안조영","유재호"
"2007.03.20","최명훈","류재형"
"2007.03.20","허영호","김기헌"
"2007.03.20","김형환","김수용"
"2007.03.20","목진석","허장회"
"2007.03.20","권효진(여)","박종열"
"2007.03.20","김지석","양 건"
"2007.03.20","서봉수","고재희"
"2007.03.20","홍장식","김진우"
"2007.03.20","김수장","박승문"
"2007.03.20","박병규","이지현(여)"
"2007.03.20","루이나이웨이(국내)","천풍조"
"2007.03.20","노준환","김동엽"
"2007.03.20","옥득진","하호정"
"2007.03.20","고근태","이현욱"
"2007.03.20","최문용","김종준"
"2007.03.20","서건우","한철균"
"2007.03.20","안영길","김 인"
"2007.03.20","홍성지","김준영"
"2007.03.20","정수현","이관철"
"2007.03.20","진시영","박지훈(大)"
"2007.03.20","김만수","차수권"
"2007.03.20","박정상","임순택"
"2007.03.20","김환수","심종식"
"2007.03.20","배윤진","이강욱"
"2007.03.20","유재성","이상훈(大)"
"2007.03.20","홍민표","한종진"
"2007.03.20","오규철","최창원"
"2007.03.20","이정우","이상훈(小)"
"2007.03.20","이상철","김재구"
"2007.03.20","박영훈","양상국"
"2007.03.20","배준희","김동면"
"2007.03.20","윤성현","김광식"
"2007.03.20","서무상","김덕규"
"2007.03.20","김승준","나종훈"
"2007.03.20","전영규","박승철"
"2007.03.20","백흥수","박지훈(大)"
"2007.03.20","황원준","김학수(大)"
"2007.03.20","박정환","이영신"
"2007.03.20","백홍석","최기훈"
"2007.03.20","장주주(국내)","김혜민"
"2007.03.20","김명완","김영삼"
"2007.03.20","한해원","조영숙"
"2007.03.20","윤찬희","이희성"
"2007.03.20","김영환","장명한"
"2007.03.20","강 훈(大)","김선미"
"2007.03.20","서능욱","문용직"
"2007.03.20","원성진","이성재"
"2007.03.20","윤지희","손근기"
"2007.03.20","조혜연","박영찬"
"2007.03.20","김석흥","정대상"
"2007.03.20","온소진","김선호"
"2007.03.20","진동규","조연우"
"2007.03.20","염정훈","유병호"
"2007.03.20","윤준상","권형진"
"2007.03.20","서중휘","홍종현"
"2007.03.20","안달훈","홍기표"
"2007.03.20","한상훈","윤영민"
"2007.03.20","김주호","김성래"
"2007.03.20","최병환","이민진"
"2007.03.20","김기용","정동식"
"2007.03.20","주형욱","윤현석"
"2007.03.20","윤 혁","조한승"
"2007.03.20","김종수","조경호"
"2007.03.20","이하진","장두진"
"2007.03.20","김수진","윤기현"
"2007.03.20","유창혁","이다혜"
"2007.03.20","김일환","김철중"
"2007.03.20","이재웅","박상돈"
"2007.03.20","백대현","이용수"
"2007.03.20","최철한","김태향"
"2007.03.20","김대용","장수영"
"2007.03.20","김성룡","이기섭"
"2007.03.20","박지은","윤종섭"
"2007.03.20","송태곤","문명근"
"2007.03.20","김대희","백지희"
"2007.03.20","박승화","김은선"
"2007.03.20","유재호","권갑용"
"2007.03.20","안조영","이용찬"
"2007.03.20","류재형","김효정"
"2007.03.20","최명훈","김세실"
"2007.03.20","김기헌","이봉근"
"2007.03.20","허영호","현미진"
"2007.03.20","김형환","안관욱"
"2007.03.20","김수용","백성호"
"2007.03.20","허장회","남치형"
"2007.03.20","목진석","김강근"
"2007.03.20","권효진(여)","고수아"
"2007.03.20","박종열","이정원"
"2007.03.20","고재희","김 원"
"2007.03.20","서봉수","박지연"
"2007.03.20","권오민","최규병"
"2007.03.20","이영구","김지석"
"2007.03.19","배준희","스베타(객원)"
"2007.03.19","김종준","공병주"
"2007.03.19","김종수","노영하"
"2007.03.19","홍장식","박소현"
"2007.03.19","김환수","김형우"
"2007.03.19","김혜민","박성수"
"2007.03.19","윤지희","이형로"
"2007.03.19","김대용","김승재"
"2007.03.19","권효진(여)","권경언"
"2007.03.19","조대현","유건재"
"2007.03.19","김지석","양재호"
"2007.03.19","양 건","강만우"
"2007.03.19","이영구","박진열"
"2007.03.19","조한승","원성진"
"2007.03.19","박정상","김진우"
"2007.03.19","저우쥔쉰","후야오위"
"2007.03.19","목진석","김형우"
"2007.03.19","백홍석","서봉수"
"2007.03.16","최철한","홍성지"
"2007.03.16","윤준상","이창호"
"2007.03.15","루이나이웨이(국내)","조혜연"
"2007.03.15","이민진","야시로 구미코"
"2007.03.14","이민진","예구이"
"2007.03.14","전영규","조대현"
"2007.03.14","김기용","배준희"
"2007.03.14","김수용","이재웅"
"2007.03.14","고수아","이지현(여)"
"2007.03.14","장수영","이형로"
"2007.03.13","이민진","고니시 가쓰코"
"2007.03.13","최규병","루이나이웨이(국내)"
"2007.03.13","이현욱","이관철"
"2007.03.12","이창호","윤준상"
"2007.03.12","이민진","리춘화"
"2007.03.09","루이나이웨이(국내)","조혜연"
"2007.03.09","김은선","박소현"
"2007.03.09","김석흥","장주주(국내)"
"2007.03.09","차수권","최기훈"
"2007.03.09","강동윤","김영환"
"2007.03.09","박승화","홍성지"
"2007.03.08","안조영","박지은"
"2007.03.08","이다혜","고수아"
"2007.03.07","이상훈(大)","김선호"
"2007.03.07","김지석","권갑용"
"2007.03.07","진시영","홍종현"
"2007.03.07","김승재","고수아"
"2007.03.07","서봉수","김대희"
"2007.03.07","서중휘","백지희"
"2007.03.07","조훈현","류재형"
"2007.03.07","조한승","김학수(大)"
"2007.03.07","김준영","김기헌"
"2007.03.07","조대현","장명한"
"2007.03.07","염정훈","현미진"
"2007.03.07","최기훈","장주주(국내)"
"2007.03.07","김찬우","조혜연"
"2007.03.07","한상훈","이하진"
"2007.03.07","허영호","한종진"
"2007.03.07","장수영","하호정"
"2007.03.07","김진우","양 건"
"2007.03.07","원성진","홍장식"
"2007.03.07","김성룡","나종훈"
"2007.03.07","고근태","김수용"
"2007.03.07","박승화","윤재웅"
"2007.03.07","손근기","고재희"
"2007.03.07","박영훈","홍기표"
"2007.03.07","유재호","김은선"
"2007.03.07","박정환","윤기현"
"2007.03.07","안조영","권형진"
"2007.03.07","주형욱","정수현"
"2007.03.07","박승문","김효정"
"2007.03.07","홍민표","한철균"
"2007.03.07","온소진","남치형"
"2007.03.07","옥득진","김 원"
"2007.03.07","조경호","박병규"
"2007.03.07","윤준상","백성호"
"2007.03.07","진동규","이다혜"
"2007.03.07","윤성현","이민진"
"2007.03.07","목진석","박상돈"
"2007.03.07","이상훈(小)","배준희"
"2007.03.07","안관욱","문명근"
"2007.03.07","윤찬희","송태곤"
"2007.03.07","최병환","이재웅"
"2007.03.07","김주호","김동엽"
"2007.03.07","서능욱","강 훈(大)"
"2007.03.07","이성재","권오민"
"2007.03.07","박지은","김혜민"
"2007.03.07","박정상","최명훈"
"2007.03.07","김선미","천풍조"
"2007.03.07","서건우","박승철"
"2007.03.07","김형환","이정원"
"2007.03.07","김형우","루이나이웨이(국내)"
"2007.03.07","유창혁","김일환"
"2007.03.07","이용수","오규철"
"2007.03.07","백홍석","이형로"
"2007.03.07","김영환","강만우"
"2007.03.06","허영호","김혜민"
"2007.03.06","박정상","배준희"
"2007.03.06","전영규","유건재"
"2007.03.06","김승준","김종준"
"2007.03.06","양재호","하찬석"
"2007.03.06","김지석","배윤진"
"2007.03.06","고수아","박종열"
"2007.03.06","서봉수","김명완"
"2007.03.06","서중휘","김세실"
"2007.03.06","조훈현","이희성"
"2007.03.06","류재형","한해원"
"2007.03.06","조한승","김철중"
"2007.03.06","김준영","최규병"
"2007.03.06","김기헌","김재구"
"2007.03.06","조대현","황 염"
"2007.03.06","전영규","임순택"
"2007.03.06","염정훈","문용직"
"2007.03.06","최기훈","김광식"
"2007.03.06","장주주(국내)","이상철"
"2007.03.06","조혜연","조연우"
"2007.03.06","이하진","정대상"
"2007.03.06","한상훈","박진열"
"2007.03.06","김준영","최규병"
"2007.03.06","김기헌","김재구"
"2007.03.06","조대현","황 염"
"2007.03.06","전영규","임순택"
"2007.03.06","염정훈","문용직"
"2007.03.06","최기훈","김광식"
"2007.03.06","장주주(국내)","이상철"
"2007.03.06","조혜연","조연우"
"2007.03.06","이하진","정대상"
"2007.03.06","한상훈","박진열"
"2007.03.06","한종진","박성수"
"2007.03.06","양 건","유재성"
"2007.03.06","원성진","차수권"
"2007.03.06","홍장식","김대용"
"2007.03.06","나종훈","장두진"
"2007.03.06","고근태","이현욱"
"2007.03.06","김수용","김덕규"
"2007.03.06","박승화","스베타(객원)"
"2007.03.06","손근기","권효진(여)"
"2007.03.06","고재희","이지현(여)"
"2007.03.06","홍기표","이강욱"
"2007.03.06","유재호","김기용"
"2007.03.06","박정환","황원준"
"2007.03.06","권형진","백흥수"
"2007.03.06","안조영","김 인"
"2007.03.06","주형욱","김석흥"
"2007.03.06","박승문","조영숙"
"2007.03.06","김효정","윤종섭"
"2007.03.06","온소진","윤지희"
"2007.03.06","목진석","공병주"
"2007.03.06","이상훈(小)","심종식"
"2007.03.06","박승철","이관철"
"2007.03.06","유창혁","김만수"
"2007.03.06","백홍석","이세돌"
"2007.03.06","김영환","김수장"
"2007.03.05","양재호","김성래"
"2007.03.05","장수영","이기섭"
"2007.03.05","박병규","이홍열"
"2007.03.05","김종준","최원용"
"2007.03.05","김승준","김수진"
"2007.03.05","진시영","유병호"
"2007.03.05","김대희","양상국"
"2007.03.05","한철균","박영찬"
"2007.03.05","옥득진","박소현"
"2007.03.05","조경호","박지훈(大)"
"2007.03.05","백성호","이영신"
"2007.03.05","진동규","안달훈"
"2007.03.05","윤성현","김영삼"
"2007.03.05","이민진","윤영민"
"2007.03.05","이상훈(大)","박지연"
"2007.03.05","안관욱","김민희"
"2007.03.05","문명근","이봉근"
"2007.03.05","송태곤","윤현석"
"2007.03.05","최병환","김강근"
"2007.03.05","이재웅","정동식"
"2007.03.05","김동엽","윤 혁"
"2007.03.05","강 훈(大)","김환수"
"2007.03.05","이성재","김태향"
"2007.03.05","하찬석","최창원"
"2007.03.05","박지은","백대현"
"2007.03.05","박정상","김종수"
"2007.03.05","천풍조","권경언"
"2007.03.05","서건우","김동면"
"2007.03.05","이정원","노준환"
"2007.03.05","김형우","강동윤"
"2007.03.05","오규철","허장회"
"2007.03.05","이용수","노영하"
"2007.03.05","강만우","최문용"
"2007.03.05","루이나이웨이(국내)","이상훈(小)"
"2007.03.05","김지석","박승철"
"2007.03.05","이세돌","온소진"
"2007.03.05","목진석","양 건"
"2007.03.02","목진석","온소진"
"2007.03.02","이영신","김민희"
"2007.03.02","권갑용","이봉근"
"2007.03.02","백홍석","서봉수"
"2007.03.02","최기훈","김기용"
"2007.03.02","조한승","최명훈"
"2007.03.02","박영훈","최철한"
"2007.02.28","주형욱","김수진"
"2007.02.28","김성룡","목진석"
"2007.02.28","이영구","한종진"
"2007.02.28","조훈현","김동엽"
"2007.02.28","최철한","홍기표"
"2007.02.28","이용수","이성재"
"2007.02.28","원성진","홍민표"
"2007.02.28","고근태","박승화"
"2007.02.28","김혜민","김광식"
"2007.02.27","홍민표","허영호"
"2007.02.27","이창호","김기용"
"2007.02.27","조훈현","류재형"
"2007.02.27","김동엽","옥득진"
"2007.02.27","박지은","김강근"
"2007.02.27","안조영","안달훈"
"2007.02.27","강동윤","현미진"
"2007.02.27","김영환","조혜연"
"2007.02.27","김성룡","김대희"
"2007.02.27","한종진","김종수"
"2007.02.27","차수권","송태곤"
"2007.02.27","고근태","박성수"
"2007.02.27","박승화","김형우"
"2007.02.27","목진석","윤찬희"
"2007.02.27","김광식","나종훈"
"2007.02.27","김혜민","박종열"
"2007.02.27","이용수","유재호"
"2007.02.27","이성재","진시영"
"2007.02.27","원성진","이강욱"
"2007.02.27","최철한","김승준"
"2007.02.27","홍기표","김찬우"
"2007.02.27","서봉수","김진우"
"2007.02.27","백홍석","박소현"
"2007.02.26","이영구","김명완"
"2007.02.26","조훈현","김대용"
"2007.02.26","류재형","김주호"
"2007.02.26","김동엽","루이나이웨이(국내)"
"2007.02.26","옥득진","김형환"
"2007.02.26","김강근","윤준상"
"2007.02.26","박지은","서능욱"
"2007.02.26","안조영","손근기"
"2007.02.26","안달훈","권효진(여)"
"2007.02.26","강동윤","정대상"
"2007.02.26","현미진","김선호"
"2007.02.26","조혜연","남치형"
"2007.02.26","김영환","윤종섭"
"2007.02.26","김명완","조경호"
"2007.02.26","이영구","이민진"
"2007.02.26","김종수","박지훈(大)"
"2007.02.26","한종진","박영훈"
"2007.02.26","김기용","김준영"
"2007.02.26","최기훈","윤 혁"
"2007.02.26","송태곤","서무상"
"2007.02.26","차수권","고재희"
"2007.02.26","고근태","유건재"
"2007.02.26","박승화","권형진"
"2007.02.26","김형우","이하진"
"2007.02.26","윤찬희","천풍조"
"2007.02.26","목진석","박정상"
"2007.02.26","김대희","양상국"
"2007.02.26","김성룡","조대현"
"2007.02.26","김광식","권갑용"
"2007.02.26","나종훈","서중휘"
"2007.02.26","김혜민","노준환"
"2007.02.26","유재호","박지연"
"2007.02.26","진시영","배준희"
"2007.02.26","이성재","김만수"
"2007.02.26","홍민표","한철균"
"2007.02.26","이강욱","김은선"
"2007.02.26","원성진","전영규"
"2007.02.26","최철한","윤성현"
"2007.02.26","김승준","박정환"
"2007.02.26","홍기표","박승문"
"2007.02.26","김찬우","노영하"
"2007.02.26","김진우","김철중"
"2007.02.26","서봉수","김지석"
"2007.02.26","백홍석","김수용"
"2007.02.26","박소현","김영삼"
"2007.02.24","이세돌","박정상"
"2007.02.23","박성수","김효곤"
"2007.02.23","허영호","양 건"
"2007.02.23","김대용","이봉근"
"2007.02.23","김주호","강만우"
"2007.02.23","류재형","김성래"
"2007.02.23","루이나이웨이(국내)","백대현"
"2007.02.23","김동엽","조영숙"
"2007.02.23","옥득진","김재구"
"2007.02.23","김형환","홍장식"
"2007.02.23","윤준상","윤지희"
"2007.02.23","박지은","백지희"
"2007.02.23","안조영","심종식"
"2007.02.23","손근기","장명한"
"2007.02.23","안달훈","스베타(객원)"
"2007.02.23","권효진(여)","윤기현"
"2007.02.23","정대상","김기헌"
"2007.02.23","강동윤","김태향"
"2007.02.23","김선호","박진열"
"2007.02.23","현미진","이홍열"
"2007.02.23","남치형","이형로"
"2007.02.23","조혜연","김효정"
"2007.02.23","윤종섭","황원준"
"2007.02.23","김영환","강 훈(大)"
"2007.02.23","조경호","최문용"
"2007.02.23","이민진","김환수"
"2007.02.23","이영구","김수장"
"2007.02.23","박지훈(大)","최규병"
"2007.02.23","김종수","정동식"
"2007.02.23","박영훈","고수아"
"2007.02.23","김기용","백성호"
"2007.02.23","윤 혁","최병환"
"2007.02.23","최기훈","주형욱"
"2007.02.23","서무상","문명근"
"2007.02.23","송태곤","홍성지"
"2007.02.23","차수권","박영찬"
"2007.02.23","고재희","이관철"
"2007.02.23","고근태","윤현석"
"2007.02.23","박성수","이영신"
"2007.02.23","박승화","최창원"
"2007.02.23","권형진","박승철"
"2007.02.23","이하진","윤영민"
"2007.02.23","김형우","김민희"
"2007.02.22","목진석","임순택"
"2007.02.22","박종열","김일환"
"2007.02.22","이용수","박상돈"
"2007.02.22","유재호","이상훈(大)"
"2007.02.22","윤찬희","이재웅"
"2007.02.22","박정상","하호정"
"2007.02.22","양상국","권경언"
"2007.02.22","김성룡","김동면"
"2007.02.22","김광식","장주주(국내)"
"2007.02.22","나종훈","한해원"
"2007.02.22","서중휘","김덕규"
"2007.02.22","노준환","김 원"
"2007.02.22","김혜민","오규철"
"2007.02.22","박종열","허장회"
"2007.02.22","김일환","문용직"
"2007.02.22","박지연","이현욱"
"2007.02.22","배준희","최원용"
"2007.02.22","진시영","배윤진"
"2007.02.22","김만수","온소진"
"2007.02.22","이성재","백흥수"
"2007.02.22","허영호","김선미"
"2007.02.22","한철균","정수현"
"2007.02.22","홍민표","이기섭"
"2007.02.22","김은선","김석흥"
"2007.02.22","이강욱","김수진"
"2007.02.22","전영규","이상철"
"2007.02.22","원성진","홍종현"
"2007.02.22","윤성현","장두진"
"2007.02.22","박정환","공병주"
"2007.02.22","김승준","이정원"
"2007.02.22","홍기표","염정훈"
"2007.02.22","박승문","김세실"
"2007.02.22","노영하","유재성"
"2007.02.22","김찬우","안관욱"
"2007.02.22","김진우","장수영"
"2007.02.22","서봉수","박승현"
"2007.02.22","김지석","김종준"
"2007.02.22","백홍석","이지현(여)"
"2007.02.22","김수용","최명훈"
"2007.02.22","박소현","서건우"
"2007.02.22","김영삼","윤재웅"
"2007.02.22","서능욱","이상훈(小)"
"2007.02.22","김효곤","권오민"
"2007.02.22","한종진","양재호"
"2007.02.22","목진석","안조영"
"2007.02.22","루이나이웨이(국내)","권효진(여)"
"2007.02.21","김대희","김학수(大)"
"2007.02.21","김강근","유병호"
"2007.02.21","원성진","김주호"
"2007.02.21","백홍석","허영호"
"2007.02.20","조대현","이다혜"
"2007.02.20","박상돈","조연우"
"2007.02.20","조한승","이영구"
"2007.02.16","최철한","김승준"
"2007.02.16","조훈현","김 인"
"2007.02.15","온소진","백홍석"
"2007.02.15","권효진(여)","박지은"
"2007.02.14","이다혜","김효정"
"2007.02.14","권효진(여)","배윤진"
"2007.02.13","김수장","나종훈"
"2007.02.13","박승화","윤 혁"
"2007.02.13","이창호","김주호"
"2007.02.13","이세돌","김승준"
"2007.02.12","윤영민","김태향"
"2007.02.12","박지연","김선미"
"2007.02.12","김일환","허장회"
"2007.02.12","장명한","박성수"
"2007.02.12","김동엽","조대현"
"2007.02.12","정수현","김덕규"
"2007.02.12","문명근","윤종섭"
"2007.02.12","정대상","홍종현"
"2007.02.12","김수장","문용직"
"2007.02.12","나종훈","김기헌"
"2007.02.12","김종준","천풍조"
"2007.02.12","강 훈(大)","안관욱"
"2007.02.12","장수영","박종열"
"2007.02.12","이형로","김종수"
"2007.02.12","김석흥","박상돈"
"2007.02.12","장주주(국내)","양상국"
"2007.02.12","권갑용","백성호"
"2007.02.12","이봉근","이상철"
"2007.02.12","김수진","스베타(객원)"
"2007.02.12","권효진(여)","하호정"
"2007.02.12","윤영민","배윤진"
"2007.02.12","이지현(여)","조영숙"
"2007.02.12","고수아","김세실"
"2007.02.12","김선미","이정원"
"2007.02.12","이민진","조연우"
"2007.02.12","김은선","한해원"
"2007.02.12","박소현","윤지희"
"2007.02.12","이영신","이하진"
"2007.02.12","김일환","김학수(大)"
"2007.02.12","허장회","강만우"
"2007.02.12","박성수","김준영"
"2007.02.12","김동엽","정동식"
"2007.02.12","조대현","장두진"
"2007.02.12","정수현","최창원"
"2007.02.12","윤종섭","백흥수"
"2007.02.12","문명근","박진열"
"2007.02.12","정대상","노영하"
"2007.02.12","김수장","이관철"
"2007.02.12","문용직","유병호"
"2007.02.12","김기헌","차수권"
"2007.02.12","김종준","서능욱"
"2007.02.12","천풍조","유건재"
"2007.02.12","안관욱","이기섭"
"2007.02.12","강 훈(大)","권경언"
"2007.02.12","박종열","황원준"
"2007.02.12","장수영","한철균"
"2007.02.12","김종수","고재희"
"2007.02.12","김석흥","김동면"
"2007.02.12","박상돈","김철중"
"2007.02.12","양상국","김재구"
"2007.02.12","권갑용","임순택"
"2007.02.12","백성호","박영찬"
"2007.02.12","이봉근","심종식"
"2007.02.12","저우쥔쉰","홍민표"
"2007.02.12","후야오위","조한승"
"2007.02.12","원성진","허영호"
"2007.02.12","목진석","박영훈"
"2007.02.11","안조영","백홍석"
"2007.02.10","백홍석","안조영"
"2007.02.09","안조영","백홍석"
"2007.02.09","이창호","구리"
"2007.02.09","이하진","윤영민"
"2007.02.09","김은선","한해원"
"2007.02.09","박지은","김선미"
"2007.02.09","조혜연","김세실"
"2007.02.09","김혜민","이지현(여)"
"2007.02.09","고수아","윤지희"
"2007.02.08","이세돌","박정상"
"2007.02.08","이창호","쿵제"
"2007.02.08","윤영민","조영숙"
"2007.02.08","이하진","김태향"
"2007.02.08","배윤진","이영신"
"2007.02.08","권효진(여)","백지희"
"2007.02.08","김은선","이민진"
"2007.02.08","한해원","스베타(객원)"
"2007.02.08","김선미","김수진"
"2007.02.08","박지은","박소현"
"2007.02.08","김세실","이정원"
"2007.02.08","조혜연","하호정"
"2007.02.08","김혜민","조연우"
"2007.02.08","이지현(여)","김효정"
"2007.02.08","윤지희","현미진"
"2007.02.08","고수아","김민희"
"2007.02.07","쿵제","박영훈"
"2007.02.06","박영훈","요다 노리모토"
"2007.02.06","김승준","송태곤"
"2007.02.05","이창호","김일환"
"2007.02.05","손근기","홍성지"
"2007.02.05","윤현석","서무상"
"2007.02.05","최철한","원성진"
"2007.02.05","김지석","목진석"
"2007.02.03","안조영","송태곤"
"2007.02.02","백홍석","최철한"
"2007.02.02","이창호","박정상"
"2007.02.02","목진석","윤지희"
"2007.02.02","백성호","김종준"
"2007.02.02","이세돌","김지석"
"2007.02.01","박승화","박승철"
"2007.02.01","홍성지","진시영"
"2007.01.31","윤준상","이창호"
"2007.01.30","허영호","온소진"
"2007.01.30","백홍석","강동윤"
"2007.01.30","양 건","유재성"
"2007.01.29","박정상","이희성"
"2007.01.29","최명훈","고근태"
"2007.01.29","홍성지","이성재"
"2007.01.29","이영구","박승화"
"2007.01.29","주형욱","진동규"
"2007.01.29","조한승","이재웅"
"2007.01.29","목진석","이현욱"
"2007.01.29","루이나이웨이(국내)","김세실"
"2007.01.26","루이나이웨이(국내)","이다혜"
"2007.01.26","이성재","고수아"
"2007.01.26","홍성지","안조영"
"2007.01.26","김주호","김형우"
"2007.01.26","고근태","이정우"
"2007.01.26","윤지희","최규병"
"2007.01.26","목진석","양 건"
"2007.01.25","박정상","이세돌"
"2007.01.25","유재성","안달훈"
"2007.01.24","최명훈","이재웅"
"2007.01.24","고수아","장수영"
"2007.01.24","이성재","이영구"
"2007.01.24","안조영","김영환"
"2007.01.24","홍성지","김기용"
"2007.01.24","김일환","유창혁"
"2007.01.24","김형우","이상훈(大)"
"2007.01.24","김주호","류재형"
"2007.01.25","박정상","이세돌"
"2007.01.25","유재성","안달훈"
"2007.01.24","최명훈","이재웅"
"2007.01.24","고수아","장수영"
"2007.01.24","이성재","이영구"
"2007.01.24","안조영","김영환"
"2007.01.24","홍성지","김기용"
"2007.01.24","김일환","유창혁"
"2007.01.24","김형우","이상훈(大)"
"2007.01.24","김주호","류재형"
"2007.01.24","이재웅","강동윤"
"2007.01.24","최명훈","박정환"
"2007.01.24","이정우","안영길"
"2007.01.24","최규병","김형환"
"2007.01.24","윤지희","백홍석"
"2007.01.24","양 건","장주주(국내)"
"2007.01.24","목진석","강 훈(大)"
"2007.01.24","창하오","이창호"
"2007.01.23","고근태","조훈현"
"2007.01.23","김기용","류재형"
"2007.01.23","온소진","김형우"
"2007.01.23","루이나이웨이(국내)","이영신"
"2007.01.23","조혜연","박소현"
"2007.01.23","백홍석","이영구"
"2007.01.22","고수아","김종준"
"2007.01.22","장수영","김성래"
"2007.01.22","이성재","김명완"
"2007.01.22","김영환","김영삼"
"2007.01.22","안조영","김대용"
"2007.01.22","홍성지","이용수"
"2007.01.22","김기용","이현욱"
"2007.01.22","박정상","윤현석"
"2007.01.22","김일환","배준희"
"2007.01.22","유창혁","이강욱"
"2007.01.22","김형우","박지훈(大)"
"2007.01.22","이상훈(大)","윤 혁"
"2007.01.22","김주호","이희성"
"2007.01.22","류재형","박정근"
"2007.01.22","이재웅","홍기표"
"2007.01.22","강동윤","최기훈"
"2007.01.22","최명훈","홍장식"
"2007.01.22","박정환","원성진"
"2007.01.22","고근태","서건우"
"2007.01.22","이정우","이민진"
"2007.01.22","안영길","서봉수"
"2007.01.22","김형환","이관철"
"2007.01.22","최규병","송태곤"
"2007.01.22","윤지희","강지성"
"2007.01.22","양 건","김광식"
"2007.01.22","장주주(국내)","김승준"
"2007.01.22","강 훈(大)","권오민"
"2007.01.22","목진석","최병환"
"2007.01.22","창하오","이창호"
"2007.01.19","류재형","최원용"
"2007.01.19","목진석","홍민표"
"2007.01.19","박정상","유창혁"
"2007.01.19","김지석","이희성"
"2007.01.19","이세돌","강동윤"
"2007.01.18","조훈현","정수현"
"2007.01.18","이창호","염정훈"
"2007.01.18","백홍석","김성룡"
"2007.01.18","김주호","진동규"
"2007.01.18","홍민표","최철한"
"2007.01.18","이민진","가토 게이코"
"2007.01.17","이세돌","김성룡"
"2007.01.17","가토 게이코","정옌"
"2007.01.17","안조영","최규병"
"2007.01.17","김지석","김수용"
"2007.01.17","이영구","윤준상"
"2007.01.17","배준희","김영삼"
"2007.01.17","김승준","김진우"
"2007.01.17","이재웅","홍성지"
"2007.01.17","박정상","김환수"
"2007.01.16","김성룡","김주호"
"2007.01.16","박소현","하호정"
"2007.01.16","원성진","김대희"
"2007.01.16","정옌","박지은"
"2007.01.15","정옌","만나미 가나"
"2007.01.15","윤성현","박소현"
"2007.01.15","홍기표","백대현"
"2007.01.15","목진석","박지훈(大)"
"2007.01.15","김수용","김만수"
"2007.01.15","김지석","고근태"
"2007.01.15","이영구","원성진"
"2007.01.15","윤준상","강동윤"
"2007.01.15","배준희","허영호"
"2007.01.15","김영삼","안달훈"
"2007.01.15","김승준","최기훈"
"2007.01.15","김진우","박영훈"
"2007.01.15","김기용","백홍석"
"2007.01.15","조한승","최명훈"
"2007.01.15","이희성","루이나이웨이(국내)"
"2007.01.15","이세돌","윤재웅"
"2007.01.14","만나미 가나","현미진"
"2007.01.13","루이나이웨이(국내)","서봉수"
"2007.01.13","만나미 가나","왕샹윈"
"2007.01.12","박지훈(大)","진시영"
"2007.01.12","목진석","이강욱"
"2007.01.12","김만수","송태곤"
"2007.01.12","김수용","서봉수"
"2007.01.12","고근태","김 원"
"2007.01.12","원성진","김혜민"
"2007.01.12","이영구","이형로"
"2007.01.12","윤준상","하호정"
"2007.01.12","강동윤","양상국"
"2007.01.12","배준희","안조영"
"2007.01.12","허영호","김성래"
"2007.01.12","안달훈","유건재"
"2007.01.12","김승준","홍기표"
"2007.01.12","최기훈","한종진"
"2007.01.12","박영훈","김은선"
"2007.01.12","김진우","전영규"
"2007.01.12","최원용","옥득진"
"2007.01.12","류재형","주형욱"
"2007.01.12","김기용","조경호"
"2007.01.12","백홍석","조대현"
"2007.01.12","최명훈","김영환"
"2007.01.12","조한승","박지은"
"2007.01.12","홍성지","김형환"
"2007.01.12","이재웅","이용수"
"2007.01.12","이희성","이지현(여)"
"2007.01.12","루이나이웨이(국내)","권형진"
"2007.01.12","김환수","온소진"
"2007.01.12","윤재웅","김강근"
"2007.01.12","이세돌","이하진"
"2007.01.12","김주호","박정환"
"2007.01.11","백성호","이홍열"
"2007.01.11","김종준","김일환"
"2007.01.11","최철한","이상훈(大)"
"2007.01.11","홍민표","강 훈(大)"
"2007.01.11","김지석","장명한"
"2007.01.11","김영삼","백성호"
"2007.01.11","박정상","노준환"
"2007.01.11","김성룡","문명근"
"2007.01.10","윤준상","이창호"
"2007.01.10","진시영","장두진"
"2007.01.10","박지훈(大)","진동규"
"2007.01.10","목진석","최병환"
"2007.01.10","이강욱","임순택"
"2007.01.10","최철한","권갑용"
"2007.01.10","이상훈(大)","김찬우"
"2007.01.10","홍민표","안관욱"
"2007.01.10","강 훈(大)","차수권"
"2007.01.10","송태곤","박승철"
"2007.01.10","김만수","홍종현"
"2007.01.10","서봉수","김수진"
"2007.01.10","김수용","김광식"
"2007.01.10","장명한","노영하"
"2007.01.10","김지석","장수영"
"2007.01.10","김 원","박성수"
"2007.01.10","고근태","윤현석"
"2007.01.10","김혜민","권오민"
"2007.01.10","원성진","박지훈(小)"
"2007.01.10","이형로","이다혜"
"2007.01.10","이영구","박승화"
"2007.01.10","하호정","남치형"
"2007.01.10","양상국","조연우"
"2007.01.10","강동윤","박승문"
"2007.01.10","배준희","이관철"
"2007.01.10","안조영","김종준"
"2007.01.10","허영호","김기헌"
"2007.01.10","김성래","정동식"
"2007.01.10","김영삼","서건우"
"2007.01.10","유건재","김학수(大)"
"2007.01.10","안달훈","박소현"
"2007.01.10","홍기표","양재호"
"2007.01.10","김승준","김대희"
"2007.01.10","한종진","이정우"
"2007.01.10","최기훈","최창원"
"2007.01.10","박영훈","한철균"
"2007.01.10","전영규","강만우"
"2007.01.10","김진우","손근기"
"2007.01.10","옥득진","윤종섭"
"2007.01.10","최원용","유병호"
"2007.01.10","주형욱","현미진"
"2007.01.10","류재형","윤성현"
"2007.01.10","김기용","김재구"
"2007.01.10","조경호","황원준"
"2007.01.10","백홍석","조혜연"
"2007.01.10","조대현","윤 혁"
"2007.01.10","김영환","서중휘"
"2007.01.10","최명훈","김동엽"
"2007.01.10","조한승","김종수"
"2007.01.10","박지은","김대용"
"2007.01.10","김형환","정대상"
"2007.01.10","홍성지","이민진"
"2007.01.10","이용수","허장회"
"2007.01.10","이지현(여)","백흥수"
"2007.01.10","이희성","윤찬희"
"2007.01.10","권형진","유재성"
"2007.01.10","루이나이웨이(국내)","최규병"
"2007.01.10","노준환","이상철"
"2007.01.10","박정상","고재희"
"2007.01.10","온소진","천풍조"
"2007.01.10","김환수","오규철"
"2007.01.10","김강근","서무상"
"2007.01.10","윤재웅","김 인"
"2007.01.10","이세돌","박영찬"
"2007.01.10","이하진","홍장식"
"2007.01.10","문명근","박종열"
"2007.01.10","김성룡","김준영"
"2007.01.10","박정환","김세실"
"2007.01.10","김주호","안영길"
"2007.01.09","최철한","김주호"
"2007.01.09","루이나이웨이(국내)","조경호"
"2007.01.09","서무상","이다혜"
"2007.01.09","이다혜","강만우"
"2007.01.09","이세돌","장쉬"
"2007.01.08","홍민표","안영길"
"2007.01.08","진시영","박진열"
"2007.01.08","진동규","이상훈(小)"
"2007.01.08","이강욱","이홍열"
"2007.01.08","이상훈(大)","심종식"
"2007.01.08","차수권","윤지희"
"2007.01.08","박승철","김효정"
"2007.01.08","김만수","박상돈"
"2007.01.08","김광식","한해원"
"2007.01.08","김지석","양 건"
"2007.01.08","윤현석","나종훈"
"2007.01.08","원성진","이영신"
"2007.01.08","박승화","이봉근"
"2007.01.08","윤준상","김민희"
"2007.01.08","하호정","윤영민"
"2007.01.08","강동윤","백대현"
"2007.01.08","배준희","공병주"
"2007.01.08","안조영","조영숙"
"2007.01.08","백성호","김선호"
"2007.01.08","정동식","배윤진"
"2007.01.08","서건우","이정원"
"2007.01.08","박소현","김선미"
"2007.01.08","김승준","김수장"
"2007.01.08","최기훈","김동면"
"2007.01.08","김은선","윤기현"
"2007.01.08","박영훈","장주주(국내)"
"2007.01.08","손근기","유창혁"
"2007.01.08","옥득진","박병규"
"2007.01.08","최원용","서능욱"
"2007.01.08","윤성현","스베타(객원)"
"2007.01.08","조경호","조훈현"
"2007.01.08","윤 혁","김석흥"
"2007.01.08","최명훈","이성재"
"2007.01.08","김대용","이기섭"
"2007.01.08","홍성지","고수아"
"2007.01.08","이재웅","이용찬"
"2007.01.08","이용수","김덕규"
"2007.01.08","이지현(여)","이현욱"
"2007.01.08","윤찬희","권경언"
"2007.01.08","루이나이웨이(국내)","김명완"
"2007.01.08","고재희","문용직"
"2007.01.08","김환수","유재호"
"2007.01.08","윤재웅","김형우"
"2007.01.08","홍장식","정수현"
"2007.01.08","김성룡","김일환"
"2007.01.08","김주호","염정훈"
"2007.01.08","이세돌","장쉬"
"2007.01.06","장쉬","이세돌"
"2007.01.06","루이나이웨이(국내)","이다혜"
"2007.01.05","주형욱","윤지희"
"2007.01.05","허영호","김대희"
"2007.01.05","원성진","최규병"
"2007.01.05","윤성현","윤준상"
"2007.01.05","박승철","송태곤"
"2007.01.05","이상훈(小)","강동윤"
"2007.01.05","손근기","안달훈"
"2007.01.05","진동규","최명훈"
"2007.01.05","김지석","백지희"
"2007.01.05","홍성지","조훈현"
"2007.01.05","윤현석","김영삼"
"2007.01.05","김진우","이용찬"
"2007.01.05","박소현","오규철"
"2007.01.05","목진석","한종진"
"2007.01.05","박승화","최원용"
"2007.01.05","이영구","고근태"
"2007.01.05","백대현","배준희"
"2007.01.05","안영길","박지훈(大)"
"2007.01.05","홍기표","양 건"
"2007.01.05","홍민표","이정우"
"2007.01.05","주형욱","김준영"
"2007.01.05","김대희","박정환"
"2007.01.05","허영호","이지현(여)"
"2007.01.05","원성진","천풍조"
"2007.01.05","최규병","최문용"
"2007.01.05","윤성현","황원준"
"2007.01.05","박승철","김만수"
"2007.01.05","송태곤","김일환"
"2007.01.05","강동윤","박지은"
"2007.01.05","이상훈(小)","김은선"
"2007.01.05","안달훈","이강욱"
"2007.01.05","손근기","유재호"
"2007.01.05","진동규","이용수"
"2007.01.05","최명훈","윤찬희"
"2007.01.05","백지희","장주주(국내)"
"2007.01.05","홍성지","이하진"
"2007.01.05","조훈현","유창혁"
"2007.01.05","김영삼","허장회"
"2007.01.05","윤현석","차수권"
"2007.01.05","김진우","박승문"
"2007.01.05","이용찬","김영환"
"2007.01.05","박소현","홍장식"
"2007.01.05","오규철","나종훈"
"2007.01.05","한종진","김혜민"
"2007.01.05","목진석","이영신"
"2007.01.05","최원용","안조영"
"2007.01.05","박승화","김성래"
"2007.01.05","고근태","박병규"
"2007.01.05","이영구","유재성"
"2007.01.05","배준희","이홍열"
"2007.01.05","백대현","윤 혁"
"2007.01.05","박지훈(大)","김종수"
"2007.01.05","안영길","조혜연"
"2007.01.05","홍기표","이관철"
"2007.01.05","양 건","류재형"
"2007.01.05","홍민표","안관욱"
"2007.01.05","이정우","옥득진"
"2007.01.05","서무상","김주호"
"2007.01.04","김지석","한철균"
"2007.01.04","서봉수","김재구"
"2007.01.04","윤준상","권갑용"
"2007.01.04","서봉수","이봉근"
"2007.01.04","윤지희","문용직"
"2007.01.04","서봉수","정동식"
"2007.01.04","김재구","이기섭"
"2007.01.04","루이나이웨이(국내)","김형우"
"2007.01.04","조경호","김수진"
"2007.01.04","윤지희","김선호"
"2007.01.04","문용직","심종식"
"2007.01.04","김준영","권형진"
"2007.01.04","주형욱","김형환"
"2007.01.04","박정환","김성룡"
"2007.01.04","김대희","김학수(大)"
"2007.01.04","허영호","온소진"
"2007.01.04","이지현(여)","문명근"
"2007.01.04","원성진","김승준"
"2007.01.04","천풍조","권오민"
"2007.01.04","최규병","최기훈"
"2007.01.04","최문용","이희성"
"2007.01.04","윤성현","공병주"
"2007.01.04","황원준","김광식"
"2007.01.04","권갑용","최창원"
"2007.01.04","윤준상","박상돈"
"2007.01.04","김만수","박성수"
"2007.01.04","박승철","김환수"
"2007.01.04","송태곤","한해원"
"2007.01.04","김일환","최병환"
"2007.01.04","박지은","고재희"
"2007.01.04","강동윤","유건재"
"2007.01.04","이상훈(小)","김강근"
"2007.01.04","김은선","김덕규"
"2007.01.04","이강욱","김민희"
"2007.01.04","안달훈","조영숙"
"2007.01.04","손근기","고수아"
"2007.01.04","유재호","이민진"
"2007.01.04","이용수","유병호"
"2007.01.04","진동규","김동엽"
"2007.01.04","윤찬희","윤재웅"
"2007.01.04","최명훈","임순택"
"2007.01.04","장주주(국내)","전영규"
"2007.01.04","백지희","남치형"
"2007.01.04","김지석","김수장"
"2007.01.04","한철균","이정원"
"2007.01.04","홍성지","서중휘"
"2007.01.04","이하진","윤기현"
"2007.01.04","조훈현","김종준"
"2007.01.04","유창혁","윤종섭"
"2007.01.04","옥득진","백홍석"
"2007.01.04","김영삼","장수영"
"2007.01.04","허장회","김찬우"
"2007.01.04","차수권","김석흥"
"2007.01.04","윤현석","이성재"
"2007.01.04","김진우","백성호"
"2007.01.04","박승문","김대용"
"2007.01.04","이용찬","이현욱"
"2007.01.04","김영환","염정훈"
"2007.01.04","홍장식","서능욱"
"2007.01.04","박소현","스베타(객원)"
"2007.01.04","나종훈","김기헌"
"2007.01.04","오규철","노준환"
"2007.01.04","한종진","양상국"
"2007.01.04","김혜민","강 훈(大)"
"2007.01.04","이영신","백흥수"
"2007.01.04","목진석","조대현"
"2007.01.04","최원용","정대상"
"2007.01.04","안조영","조연우"
"2007.01.04","김성래","장두진"
"2007.01.04","박승화","이형로"
"2007.01.04","고근태","서건우"
"2007.01.04","박병규","정수현"
"2007.01.04","유재성","현미진"
"2007.01.04","이영구","김선미"
"2007.01.04","배준희","김세실"
"2007.01.04","이홍열","박영찬"
"2007.01.04","윤 혁","이재웅"
"2007.01.04","백대현","이상철"
"2007.01.04","김종수","김효정"
"2007.01.04","박지훈(大)","박진열"
"2007.01.04","조혜연","권경언"
"2007.01.04","안영길","배윤진"
"2007.01.04","이관철","윤영민"
"2007.01.04","홍기표","김수용"
"2007.01.04","양 건","진시영"
"2007.01.04","류재형","김기용"
"2007.01.04","안관욱","하호정"
"2007.01.04","홍민표","김동면"
"2007.01.04","이정우","김명완"
"2007.01.04","김주호","장명한"
"2007.01.04","서무상","박종열"
"2007.01.04","이다혜","이상훈(大)"
"2007.01.04","강만우","홍종현"
"2007.01.03","백홍석","박영훈"
"2007.01.02","고근태","김효정"
